I 1 43606.903945459
E 0 2 0 0.034794750 0 32
E 0 3 0 0.034814829 1 32
E 0 4 0 0.034818916 2 32
E 0 5 0 0.034822684 3 32
E 0 6 0 0.034826351 4 32
E 0 7 0 0.034830298 5 32
E 0 8 0 0.034833925 6 32
E 0 9 0 0.034837512 7 32
E 0 10 0 0.034841089 8 32
E 0 11 0 0.034844646 9 32
E 0 12 0 0.034848213 10 32
E 0 13 0 0.034852050 11 32
E 0 14 0 0.034855737 12 32
E 0 15 0 0.034859384 13 32
E 0 16 0 0.034862921 14 32
E 0 17 0 0.034866448 15 32
E 0 18 0 0.034870004 16 32
E 0 19 0 0.034873531 17 32
E 0 20 0 0.034877048 18 32
E 0 21 0 0.034880565 19 32
E 0 22 0 0.034884091 20 32
E 0 23 0 0.034887648 21 32
E 0 24 0 0.034891165 22 32
E 0 25 0 0.034894682 23 32
E 0 26 0 0.034898208 24 32
E 0 27 0 0.034901725 25 32
E 0 28 0 0.034905252 26 32
E 0 29 0 0.034908769 27 32
E 0 30 0 0.034912285 28 32
E 0 31 0 0.034915802 29 32
E 0 32 0 0.034919339 30 32
E 0 33 0 0.034922856 31 32
E 0 34 0 0.034926362 32 32
E 0 35 0 0.034929879 33 32
E 0 36 0 0.034933396 34 32
E 0 37 0 0.034936913 35 32
E 0 38 0 0.034940429 36 32
E 0 39 0 0.034943956 37 32
E 0 40 0 0.034947473 38 32
E 0 41 0 0.034950980 39 32
E 0 42 0 0.034954787 40 32
E 0 43 0 0.034958334 41 32
E 0 44 0 0.034961881 42 32
E 0 45 0 0.034965407 43 32
E 0 46 0 0.034968924 44 32
E 0 47 0 0.034972441 45 32
E 0 48 0 0.034975968 46 32
E 0 49 0 0.034979504 47 32
E 0 50 0 0.034983031 48 32
E 0 51 0 0.034986548 49 32
E 0 52 0 0.034990085 50 32
E 0 53 0 0.034993601 51 32
E 0 54 0 0.034997128 52 32
E 0 55 0 0.035000655 53 32
E 0 56 0 0.035004182 54 32
E 0 57 0 0.035007698 55 32
E 0 58 0 0.035011215 56 32
E 0 59 0 0.035014742 57 32
E 0 60 0 0.035018269 58 32
E 0 61 0 0.035021785 59 32
E 0 62 0 0.035025312 60 32
E 0 63 0 0.035028829 61 32
E 0 64 0 0.035032356 62 32
E 0 65 0 0.035035872 63 32
E 0 66 0 0.035039439 64 32
E 0 67 0 0.035042986 65 32
E 0 68 0 0.035046553 66 32
E 0 69 0 0.035050080 67 32
E 0 70 0 0.035053606 68 32
E 0 71 0 0.035057123 69 32
E 0 72 0 0.035060650 70 32
E 0 73 0 0.035064177 71 32
E 0 74 0 0.035067693 72 32
E 0 75 0 0.035071220 73 32
E 0 76 0 0.035074747 74 32
E 0 77 0 0.035078264 75 32
E 0 78 0 0.035081800 76 32
E 0 79 0 0.035085317 77 32
E 0 80 0 0.035088844 78 32
E 0 81 0 0.035092361 79 32
E 0 82 0 0.035095897 80 32
E 0 83 0 0.035099414 81 32
E 0 84 0 0.035102941 82 32
E 0 85 0 0.035106468 83 32
E 0 86 0 0.035110004 84 32
E 0 87 0 0.035113541 85 32
E 0 88 0 0.035117078 86 32
E 0 89 0 0.035120615 87 32
E 0 90 0 0.035124132 88 32
E 0 91 0 0.035127658 89 32
E 0 92 0 0.035131175 90 32
E 0 93 0 0.035134692 91 32
E 0 94 0 0.035138209 92 32
E 0 95 0 0.035141735 93 32
E 0 96 0 0.035145252 94 32
E 0 97 0 0.035148779 95 32
E 0 98 0 0.035152306 96 32
E 0 99 0 0.035155822 97 32
E 0 100 0 0.035159339 98 32
E 0 101 0 0.035162856 99 32
E 0 102 0 0.035166383 100 32
E 0 103 0 0.035169929 101 32
E 0 104 0 0.035173476 102 32
E 0 105 0 0.035177003 103 32
E 0 106 0 0.035180540 104 32
E 0 107 0 0.035184066 105 32
E 0 108 0 0.035187583 106 32
E 0 109 0 0.035191100 107 32
E 0 110 0 0.035194677 108 32
E 0 111 0 0.035198204 109 32
E 0 112 0 0.035201720 110 32
E 0 113 0 0.035205247 111 32
E 0 114 0 0.035208764 112 32
E 0 115 0 0.035212451 113 32
E 0 116 0 0.035215978 114 32
E 0 117 0 0.035219494 115 32
E 0 118 0 0.035223021 116 32
E 0 119 0 0.035226548 117 32
E 0 120 0 0.035230485 118 32
E 0 121 0 0.035235114 119 32
E 0 122 0 0.035239743 120 32
E 0 123 0 0.035244282 121 32
E 0 124 0 0.035248871 122 32
E 0 125 0 0.035253920 123 32
E 0 126 0 0.035258680 124 32
E 0 127 0 0.035263258 125 32
E 0 128 0 0.035268057 126 32
E 0 129 0 0.035272406 127 32
E 0 130 0 0.035276183 128 32
E 0 131 0 0.035279720 129 32
E 0 132 0 0.035283247 130 32
E 0 133 0 0.035286773 131 32
E 0 134 0 0.035290300 132 32
E 0 135 0 0.035293847 133 32
E 0 136 0 0.035297384 134 32
E 0 137 0 0.035300910 135 32
E 0 138 0 0.035304447 136 32
E 0 139 0 0.035307974 137 32
E 0 140 0 0.035311501 138 32
E 0 141 0 0.035315028 139 32
E 0 142 0 0.035318544 140 32
E 0 143 0 0.035322071 141 32
E 0 144 0 0.035325608 142 32
E 0 145 0 0.035329135 143 32
E 0 146 0 0.035332731 144 32
E 0 147 0 0.035336248 145 32
E 0 148 0 0.035339785 146 32
E 0 149 0 0.035343302 147 32
E 0 150 0 0.035346828 148 32
E 0 151 0 0.035377868 149 32
E 0 152 0 0.035381625 150 32
E 0 153 0 0.035385252 151 32
E 0 154 0 0.035388869 152 32
E 0 155 0 0.035392456 153 32
E 0 156 0 0.035396013 154 32
E 0 157 0 0.035399590 155 32
E 0 158 0 0.035403146 156 32
E 0 159 0 0.035406703 157 32
E 0 160 0 0.035410250 158 32
E 0 161 0 0.035413817 159 32
E 0 162 0 0.035417364 160 32
E 0 163 0 0.035420910 161 32
E 0 164 0 0.035424477 162 32
E 0 165 0 0.035428024 163 32
E 0 166 0 0.035431571 164 32
E 0 167 0 0.035435128 165 32
E 0 168 0 0.035438675 166 32
E 0 169 0 0.035442231 167 32
E 0 170 0 0.035445778 168 32
E 0 171 0 0.035449335 169 32
E 0 172 0 0.035452872 170 32
E 0 173 0 0.035456429 171 32
E 0 174 0 0.035459965 172 32
E 0 175 0 0.035463522 173 32
E 0 176 0 0.035467079 174 32
E 0 177 0 0.035470626 175 32
E 0 178 0 0.035474173 176 32
E 0 179 0 0.035477709 177 32
E 0 180 0 0.035481256 178 32
E 0 181 0 0.035484793 179 32
E 0 182 0 0.035488320 180 32
E 0 183 0 0.035491867 181 32
E 0 184 0 0.035495413 182 32
E 0 185 0 0.035498950 183 32
E 0 186 0 0.035502497 184 32
E 0 187 0 0.035506034 185 32
E 0 188 0 0.035509570 186 32
E 0 189 0 0.035513107 187 32
E 0 190 0 0.035516644 188 32
E 0 191 0 0.035520201 189 32
E 0 192 0 0.035523738 190 32
E 0 193 0 0.035527284 191 32
E 0 194 0 0.035530821 192 32
E 0 195 0 0.035534368 193 32
E 0 196 0 0.035537915 194 32
E 0 197 0 0.035541452 195 32
E 0 198 0 0.035544988 196 32
E 0 199 0 0.035548535 197 32
E 0 200 0 0.035552072 198 32
E 0 201 0 0.035555599 199 32
E 0 202 0 0.035559145 200 32
E 0 203 0 0.035562682 201 32
E 0 204 0 0.035566229 202 32
E 0 205 0 0.035569766 203 32
E 0 206 0 0.035573313 204 32
E 0 207 0 0.035576849 205 32
E 0 208 0 0.035580396 206 32
E 0 209 0 0.035583943 207 32
E 0 210 0 0.035587720 208 32
E 0 211 0 0.035591347 209 32
E 0 212 0 0.035594974 210 32
E 0 213 0 0.035598541 211 32
E 0 214 0 0.035602078 212 32
E 0 215 0 0.035605625 213 32
E 0 216 0 0.035609161 214 32
E 0 217 0 0.035612708 215 32
E 0 218 0 0.035616245 216 32
E 0 219 0 0.035619792 217 32
E 0 220 0 0.035623339 218 32
E 0 221 0 0.035634971 219 32
E 0 222 0 0.035638908 220 32
E 0 223 0 0.035642726 221 32
E 0 224 0 0.035646553 222 32
E 0 225 0 0.035650340 223 32
E 0 226 0 0.035654138 224 32
E 0 227 0 0.035657845 225 32
E 0 228 0 0.035661432 226 32
E 0 229 0 0.035664998 227 32
E 0 230 0 0.035668565 228 32
E 0 231 0 0.035672132 229 32
E 0 232 0 0.035675699 230 32
E 0 233 0 0.035679266 231 32
E 0 234 0 0.035682823 232 32
E 0 235 0 0.035686369 233 32
E 0 236 0 0.035689936 234 32
E 0 237 0 0.035693493 235 32
E 0 238 0 0.035697040 236 32
E 0 239 0 0.035700607 237 32
E 0 240 0 0.035704163 238 32
E 0 241 0 0.035707710 239 32
E 0 242 0 0.035711267 240 32
E 0 243 0 0.035714814 241 32
E 0 244 0 0.035718381 242 32
E 0 245 0 0.035721928 243 32
E 0 246 0 0.035725474 244 32
E 0 247 0 0.035729031 245 32
E 0 248 0 0.035732588 246 32
E 0 249 0 0.035736145 247 32
E 0 250 0 0.035739702 248 32
E 0 251 0 0.035743248 249 32
E 0 252 0 0.035746805 250 32
E 0 253 0 0.035750352 251 32
E 0 254 0 0.035753899 252 32
E 0 255 0 0.035757466 253 32
E 0 256 0 0.035761022 254 32
E 0 257 0 0.035764589 255 32
E 0 258 0 0.035768146 256 32
E 0 259 0 0.035771693 257 32
E 0 260 0 0.035775250 258 32
E 0 261 0 0.035778807 259 32
E 0 262 0 0.035782353 260 32
E 0 263 0 0.035785910 261 32
E 0 264 0 0.035789477 262 32
E 0 265 0 0.035793034 263 32
E 0 266 0 0.035796581 264 32
E 0 267 0 0.035800819 265 32
E 0 268 0 0.035805448 266 32
E 0 269 0 0.035809095 267 32
E 0 270 0 0.035812651 268 32
E 0 271 0 0.035816198 269 32
E 0 272 0 0.035819745 270 32
E 0 273 0 0.035823302 271 32
E 0 274 0 0.035826859 272 32
E 0 275 0 0.035830436 273 32
E 0 276 0 0.035833992 274 32
E 0 277 0 0.035837539 275 32
E 0 278 0 0.035841096 276 32
E 0 279 0 0.035844653 277 32
E 0 280 0 0.035848200 278 32
E 0 281 0 0.035851766 279 32
E 0 282 0 0.035855313 280 32
E 0 283 0 0.035858870 281 32
E 0 284 0 0.035862427 282 32
E 0 285 0 0.035865984 283 32
E 0 286 0 0.035869530 284 32
E 0 287 0 0.035873087 285 32
E 0 288 0 0.035876634 286 32
E 0 289 0 0.035880191 287 32
E 0 290 0 0.035883758 288 32
E 0 291 0 0.035887295 289 32
E 0 292 0 0.035901862 290 32
E 0 293 0 0.035905439 291 32
E 0 294 0 0.035908986 292 32
E 0 295 0 0.035912533 293 32
E 0 296 0 0.035916080 294 32
E 0 297 0 0.035919717 295 32
E 0 298 0 0.035923253 296 32
E 0 299 0 0.035926780 297 32
E 0 300 0 0.035930327 298 32
E 0 301 0 0.035933874 299 32
E 0 302 0 0.035937411 300 32
E 0 303 0 0.035940967 301 32
E 0 304 0 0.035944504 302 32
E 0 305 0 0.035948051 303 32
E 0 306 0 0.035951588 304 32
E 0 307 0 0.035955145 305 32
E 0 308 0 0.035958691 306 32
E 0 309 0 0.035962238 307 32
E 0 310 0 0.035965775 308 32
E 0 311 0 0.035969332 309 32
E 0 312 0 0.035972869 310 32
E 0 313 0 0.035976415 311 32
E 0 314 0 0.035979962 312 32
E 0 315 0 0.035983499 313 32
E 0 316 0 0.035987046 314 32
E 0 317 0 0.035990593 315 32
E 0 318 0 0.035994139 316 32
E 0 319 0 0.035997686 317 32
E 0 320 0 0.036001233 318 32
E 0 321 0 0.036004800 319 32
E 0 322 0 0.036008337 320 32
E 0 323 0 0.036011873 321 32
E 0 324 0 0.036015420 322 32
E 0 325 0 0.036018967 323 32
E 0 326 0 0.036022514 324 32
E 0 327 0 0.036026071 325 32
E 0 328 0 0.036029617 326 32
E 0 329 0 0.036033164 327 32
E 0 330 0 0.036036721 328 32
E 0 331 0 0.036040338 329 32
E 0 332 0 0.036043865 330 32
E 0 333 0 0.036047411 331 32
E 0 334 0 0.036050958 332 32
E 0 335 0 0.036054515 333 32
E 0 336 0 0.036173193 334 32
E 0 337 0 0.036179485 335 32
E 0 338 0 0.036183052 336 32
E 0 339 0 0.036186588 337 32
E 0 340 0 0.036190135 338 32
E 0 341 0 0.036193662 339 32
E 0 342 0 0.036197189 340 32
E 0 343 0 0.036200715 341 32
E 0 344 0 0.036204242 342 32
E 0 345 0 0.036207769 343 32
E 0 346 0 0.036211286 344 32
E 0 347 0 0.036214812 345 32
E 0 348 0 0.036218339 346 32
E 0 349 0 0.036221936 347 32
E 0 350 0 0.036225463 348 32
E 0 351 0 0.036228990 349 32
E 0 352 0 0.036232506 350 32
E 0 353 0 0.036236053 351 32
E 0 354 0 0.036239580 352 32
E 0 355 0 0.036243107 353 32
E 0 356 0 0.036246643 354 32
E 0 357 0 0.036250411 355 32
E 0 358 0 0.036253937 356 32
E 0 359 0 0.036257494 357 32
E 0 360 0 0.036261041 358 32
E 0 361 0 0.036264568 359 32
E 0 362 0 0.036268095 360 32
E 0 363 0 0.036271621 361 32
E 0 364 0 0.036275158 362 32
E 0 365 0 0.036278685 363 32
E 0 366 0 0.036282212 364 32
E 0 367 0 0.036285748 365 32
E 0 368 0 0.036289285 366 32
E 0 369 0 0.036292812 367 32
E 0 370 0 0.036296339 368 32
E 0 371 0 0.036299875 369 32
E 0 372 0 0.036303402 370 32
E 0 373 0 0.036306939 371 32
E 0 374 0 0.036310456 372 32
E 0 375 0 0.036314003 373 32
E 0 376 0 0.036317529 374 32
E 0 377 0 0.036321066 375 32
E 0 378 0 0.036324593 376 32
E 0 379 0 0.036328120 377 32
E 0 380 0 0.036331656 378 32
E 0 381 0 0.036335183 379 32
E 0 382 0 0.036338750 380 32
E 0 383 0 0.036342287 381 32
E 0 384 0 0.036345814 382 32
E 0 385 0 0.036349340 383 32
E 0 386 0 0.036352877 384 32
E 0 387 0 0.036356394 385 32
E 0 388 0 0.036359931 386 32
E 0 389 0 0.036363457 387 32
E 0 390 0 0.036366984 388 32
E 0 391 0 0.036370521 389 32
E 0 392 0 0.036374048 390 32
E 0 393 0 0.036377584 391 32
E 0 394 0 0.036381121 392 32
E 0 395 0 0.036384648 393 32
E 0 396 0 0.036388175 394 32
E 0 397 0 0.036391712 395 32
E 0 398 0 0.036395228 396 32
E 0 399 0 0.036398765 397 32
E 0 400 0 0.036402292 398 32
E 0 401 0 0.036405829 399 32
E 0 402 0 0.036409355 400 32
E 0 403 0 0.036412892 401 32
E 0 404 0 0.036416499 402 32
E 0 405 0 0.036420026 403 32
E 0 406 0 0.036423563 404 32
E 0 407 0 0.036427109 405 32
E 0 408 0 0.036430636 406 32
E 0 409 0 0.036434173 407 32
E 0 410 0 0.036437700 408 32
E 0 411 0 0.036441236 409 32
E 0 412 0 0.036444763 410 32
E 0 413 0 0.036448310 411 32
E 0 414 0 0.036451847 412 32
E 0 415 0 0.036455384 413 32
E 0 416 0 0.036458910 414 32
E 0 417 0 0.036462447 415 32
E 0 418 0 0.036465984 416 32
E 0 419 0 0.036469511 417 32
E 0 420 0 0.036473047 418 32
E 0 421 0 0.036476604 419 32
E 0 422 0 0.036480121 420 32
E 0 423 0 0.036483658 421 32
E 0 424 0 0.036487195 422 32
E 0 425 0 0.036490741 423 32
E 0 426 0 0.036494268 424 32
E 0 427 0 0.036497795 425 32
E 0 428 0 0.036501312 426 32
E 0 429 0 0.036504838 427 32
E 0 430 0 0.036508365 428 32
E 0 431 0 0.036511892 429 32
E 0 432 0 0.036515429 430 32
E 0 433 0 0.036529205 431 32
E 0 434 0 0.036532782 432 32
E 0 435 0 0.036536329 433 32
E 0 436 0 0.036539866 434 32
E 0 437 0 0.036547761 435 32
E 0 438 0 0.036551327 436 32
E 0 439 0 0.036554864 437 32
E 0 440 0 0.036558391 438 32
E 0 441 0 0.036561928 439 32
E 0 442 0 0.036565455 440 32
E 0 443 0 0.036568991 441 32
E 0 444 0 0.036572518 442 32
E 0 445 0 0.036576055 443 32
E 0 446 0 0.036579582 444 32
E 0 447 0 0.036583118 445 32
E 0 448 0 0.036586655 446 32
E 0 449 0 0.036590192 447 32
E 0 450 0 0.036593719 448 32
E 0 451 0 0.036597256 449 32
E 0 452 0 0.036600782 450 32
E 0 453 0 0.036604319 451 32
E 0 454 0 0.036607856 452 32
E 0 455 0 0.036611383 453 32
E 0 456 0 0.036614919 454 32
E 0 457 0 0.036618456 455 32
E 0 458 0 0.036621993 456 32
E 0 459 0 0.036625530 457 32
E 0 460 0 0.036629056 458 32
E 0 461 0 0.036632603 459 32
E 0 462 0 0.036636290 460 32
E 0 463 0 0.036639867 461 32
E 0 464 0 0.036643444 462 32
E 0 465 0 0.036646981 463 32
E 0 466 0 0.036650518 464 32
E 0 467 0 0.036654054 465 32
E 0 468 0 0.036657581 466 32
E 0 469 0 0.036661118 467 32
E 0 470 0 0.036664655 468 32
E 0 471 0 0.036668192 469 32
E 0 472 0 0.036671728 470 32
E 0 473 0 0.036675275 471 32
E 0 474 0 0.036678812 472 32
E 0 475 0 0.036682349 473 32
E 0 476 0 0.036685885 474 32
E 0 477 0 0.036689422 475 32
E 0 478 0 0.036692949 476 32
E 0 479 0 0.036696496 477 32
E 0 480 0 0.036700033 478 32
E 0 481 0 0.036703569 479 32
E 0 482 0 0.036707096 480 32
E 0 483 0 0.036710643 481 32
E 0 484 0 0.036714180 482 32
E 0 485 0 0.036717716 483 32
E 0 486 0 0.036721253 484 32
E 0 487 0 0.036724800 485 32
E 0 488 0 0.036728317 486 32
E 0 489 0 0.036731864 487 32
E 0 490 0 0.036735400 488 32
E 0 491 0 0.036738937 489 32
E 0 492 0 0.036742474 490 32
E 0 493 0 0.036746011 491 32
E 0 494 0 0.036749547 492 32
E 0 495 0 0.036753084 493 32
E 0 496 0 0.036756621 494 32
E 0 497 0 0.036760228 495 32
E 0 498 0 0.036763735 496 32
E 0 499 0 0.036767281 497 32
E 0 500 0 0.036770818 498 32
E 0 501 0 0.036774355 499 32
E 0 502 0 0.036777882 500 32
E 0 503 0 0.036781419 501 32
E 0 504 0 0.036784955 502 32
E 0 505 0 0.036788482 503 32
E 0 506 0 0.036792019 504 32
E 0 507 0 0.036795566 505 32
E 0 508 0 0.036799102 506 32
E 0 509 0 0.036802639 507 32
E 0 510 0 0.036806176 508 32
E 0 511 0 0.036809713 509 32
E 0 512 0 0.036813250 510 32
E 0 513 0 0.036816796 511 32
E 0 514 0 0.036820333 512 32
E 0 515 0 0.036823860 513 32
E 0 516 0 0.036827397 514 32
E 0 517 0 0.036830933 515 32
E 0 518 0 0.036834460 516 32
E 0 519 0 0.036837997 517 32
E 0 520 0 0.036841524 518 32
E 0 521 0 0.036845061 519 32
E 0 522 0 0.036848597 520 32
E 0 523 0 0.036852124 521 32
E 0 524 0 0.036855661 522 32
E 0 525 0 0.036859198 523 32
E 0 526 0 0.036862714 524 32
E 0 527 0 0.036866261 525 32
E 0 528 0 0.036869788 526 32
E 0 529 0 0.036873325 527 32
E 0 530 0 0.036876862 528 32
E 0 531 0 0.036880388 529 32
E 0 532 0 0.036883925 530 32
E 0 533 0 0.036887462 531 32
E 0 534 0 0.036890989 532 32
E 0 535 0 0.036894636 533 32
E 0 536 0 0.036898142 534 32
E 0 537 0 0.036901699 535 32
E 0 538 0 0.036905236 536 32
E 0 539 0 0.036908773 537 32
E 0 540 0 0.036912309 538 32
E 0 541 0 0.036915846 539 32
E 0 542 0 0.036919383 540 32
E 0 543 0 0.036922920 541 32
E 0 544 0 0.036926457 542 32
E 0 545 0 0.036930003 543 32
E 0 546 0 0.036933540 544 32
E 0 547 0 0.036937067 545 32
E 0 548 0 0.036940604 546 32
E 0 549 0 0.036944141 547 32
E 0 550 0 0.036947677 548 32
E 0 551 0 0.036951214 549 32
E 0 552 0 0.036954741 550 32
E 0 553 0 0.036958288 551 32
E 0 554 0 0.036961834 552 32
E 0 555 0 0.036965371 553 32
E 0 556 0 0.036968908 554 32
E 0 557 0 0.036972445 555 32
E 0 558 0 0.036975972 556 32
E 0 559 0 0.036979508 557 32
E 0 560 0 0.036983045 558 32
E 0 561 0 0.036986582 559 32
E 0 562 0 0.036990119 560 32
E 0 563 0 0.036993655 561 32
E 0 564 0 0.036997182 562 32
E 0 565 0 0.037000719 563 32
E 0 566 0 0.037004256 564 32
E 0 567 0 0.037007793 565 32
E 0 568 0 0.037011329 566 32
E 0 569 0 0.037014866 567 32
E 0 570 0 0.037018403 568 32
E 0 571 0 0.037021950 569 32
E 0 572 0 0.037025476 570 32
E 0 573 0 0.037029093 571 32
E 0 574 0 0.037038061 572 32
E 0 575 0 0.037041617 573 32
E 0 576 0 0.037045154 574 32
E 0 577 0 0.037048681 575 32
E 0 578 0 0.037052208 576 32
E 0 579 0 0.037055744 577 32
E 0 580 0 0.037059291 578 32
E 0 581 0 0.037062828 579 32
E 0 582 0 0.037066365 580 32
E 0 583 0 0.037069892 581 32
E 0 584 0 0.037073428 582 32
E 0 585 0 0.037076965 583 32
E 0 586 0 0.037080492 584 32
E 0 587 0 0.037084039 585 32
E 0 588 0 0.037087575 586 32
E 0 589 0 0.037091112 587 32
E 0 590 0 0.037094659 588 32
E 0 591 0 0.037098186 589 32
E 0 592 0 0.037101733 590 32
E 0 593 0 0.037105269 591 32
E 0 594 0 0.037108796 592 32
E 0 595 0 0.037112333 593 32
E 0 596 0 0.037115870 594 32
E 0 597 0 0.037119406 595 32
E 0 598 0 0.037122933 596 32
E 0 599 0 0.037126470 597 32
E 0 600 0 0.037130007 598 32
E 0 601 0 0.037133544 599 32
E 0 602 0 0.037137070 600 32
E 0 603 0 0.037140607 601 32
E 0 604 0 0.037144144 602 32
E 0 605 0 0.037147681 603 32
E 0 606 0 0.037151197 604 32
E 0 607 0 0.037154734 605 32
E 0 608 0 0.037158271 606 32
E 0 609 0 0.037161808 607 32
E 0 610 0 0.037165345 608 32
E 0 611 0 0.037168871 609 32
E 0 612 0 0.037172418 610 32
E 0 613 0 0.037175945 611 32
E 0 614 0 0.037179482 612 32
E 0 615 0 0.037183069 613 32
E 0 616 0 0.037186605 614 32
E 0 617 0 0.037190152 615 32
E 0 618 0 0.037193679 616 32
E 0 619 0 0.037197226 617 32
E 0 620 0 0.037200772 618 32
E 0 621 0 0.037204309 619 32
E 0 622 0 0.037207846 620 32
E 0 623 0 0.037211393 621 32
E 0 624 0 0.037214940 622 32
E 0 625 0 0.037218466 623 32
E 0 626 0 0.037222003 624 32
E 0 627 0 0.037225540 625 32
E 0 628 0 0.037229087 626 32
E 0 629 0 0.037232634 627 32
E 0 630 0 0.037236170 628 32
E 0 631 0 0.037239717 629 32
E 0 632 0 0.037243264 630 32
E 0 633 0 0.037246801 631 32
E 0 634 0 0.037250358 632 32
E 0 635 0 0.037253874 633 32
E 0 636 0 0.037257421 634 32
E 0 637 0 0.037260958 635 32
E 0 638 0 0.037264495 636 32
E 0 639 0 0.037268031 637 32
E 0 640 0 0.037271578 638 32
E 0 641 0 0.037275115 639 32
E 0 642 0 0.037278662 640 32
E 0 643 0 0.037282199 641 32
E 0 644 0 0.037285815 642 32
E 0 645 0 0.037289332 643 32
E 0 646 0 0.037292869 644 32
E 0 647 0 0.037296406 645 32
E 0 648 0 0.037299943 646 32
E 0 649 0 0.037303479 647 32
E 0 650 0 0.037307026 648 32
E 0 651 0 0.037310563 649 32
E 0 652 0 0.037314110 650 32
E 0 653 0 0.037323658 651 32
E 0 654 0 0.037327495 652 32
E 0 655 0 0.037331303 653 32
E 0 656 0 0.037335080 654 32
E 0 657 0 0.037338887 655 32
E 0 658 0 0.037342664 656 32
E 0 659 0 0.037346362 657 32
E 0 660 0 0.037349938 658 32
E 0 661 0 0.037353475 659 32
E 0 662 0 0.037357022 660 32
E 0 663 0 0.037360559 661 32
E 0 664 0 0.037364096 662 32
E 0 665 0 0.037367632 663 32
E 0 666 0 0.037371169 664 32
E 0 667 0 0.037374676 665 32
E 0 668 0 0.037378223 666 32
E 0 669 0 0.037381759 667 32
E 0 670 0 0.037385296 668 32
E 0 671 0 0.037388833 669 32
E 0 672 0 0.037392370 670 32
E 0 673 0 0.037395907 671 32
E 0 674 0 0.037399443 672 32
E 0 675 0 0.037402980 673 32
E 0 676 0 0.037406527 674 32
E 0 677 0 0.037410064 675 32
E 0 678 0 0.037413600 676 32
E 0 679 0 0.037417147 677 32
E 0 680 0 0.037420684 678 32
E 0 681 0 0.037424231 679 32
E 0 682 0 0.037427778 680 32
E 0 683 0 0.037431304 681 32
E 0 684 0 0.037434851 682 32
E 0 685 0 0.037438388 683 32
E 0 686 0 0.037441925 684 32
E 0 687 0 0.037445472 685 32
E 0 688 0 0.037449018 686 32
E 0 689 0 0.037452555 687 32
E 0 690 0 0.037456092 688 32
E 0 691 0 0.037459699 689 32
E 0 692 0 0.037463216 690 32
E 0 693 0 0.037466762 691 32
E 0 694 0 0.037470289 692 32
E 0 695 0 0.037473836 693 32
E 0 696 0 0.037477363 694 32
E 0 697 0 0.037480909 695 32
E 0 698 0 0.037484446 696 32
E 0 699 0 0.037487993 697 32
E 0 700 0 0.037491540 698 32
E 0 701 0 0.037495087 699 32
E 0 702 0 0.037498623 700 32
E 0 703 0 0.037502170 701 32
E 0 704 0 0.037505707 702 32
E 0 705 0 0.037509254 703 32
E 0 706 0 0.037512791 704 32
E 0 707 0 0.037516347 705 32
E 0 708 0 0.037519854 706 32
E 0 709 0 0.037523401 707 32
E 0 710 0 0.037526938 708 32
E 0 711 0 0.037530485 709 32
E 0 712 0 0.037534031 710 32
E 0 713 0 0.037537568 711 32
E 0 714 0 0.037541115 712 32
E 0 715 0 0.037550393 713 32
E 0 716 0 0.037553970 714 32
E 0 717 0 0.037557516 715 32
E 0 718 0 0.037561043 716 32
E 0 719 0 0.037564580 717 32
E 0 720 0 0.037568117 718 32
E 0 721 0 0.037571653 719 32
E 0 722 0 0.037575260 720 32
E 0 723 0 0.037578777 721 32
E 0 724 0 0.037582314 722 32
E 0 725 0 0.037585851 723 32
E 0 726 0 0.037589387 724 32
E 0 727 0 0.037592924 725 32
E 0 728 0 0.037596461 726 32
E 0 729 0 0.037599998 727 32
E 0 730 0 0.037603535 728 32
E 0 731 0 0.037607071 729 32
E 0 732 0 0.037610608 730 32
E 0 733 0 0.037614145 731 32
E 0 734 0 0.037617682 732 32
E 0 735 0 0.037621289 733 32
E 0 736 0 0.037624805 734 32
E 0 737 0 0.037628362 735 32
E 0 738 0 0.037631909 736 32
E 0 739 0 0.037635446 737 32
E 0 740 0 0.037638983 738 32
E 0 741 0 0.037642529 739 32
E 0 742 0 0.037646066 740 32
E 0 743 0 0.037649603 741 32
E 0 744 0 0.037653140 742 32
E 0 745 0 0.037656686 743 32
E 0 746 0 0.037660233 744 32
E 0 747 0 0.037663780 745 32
E 0 748 0 0.037667327 746 32
E 0 749 0 0.037670864 747 32
E 0 750 0 0.037674400 748 32
E 0 751 0 0.037677937 749 32
E 0 752 0 0.037681454 750 32
E 0 753 0 0.037685001 751 32
E 0 754 0 0.037688538 752 32
E 0 755 0 0.037692074 753 32
E 0 756 0 0.037695621 754 32
E 0 757 0 0.037699158 755 32
E 0 758 0 0.037702695 756 32
E 0 759 0 0.037706251 757 32
E 0 760 0 0.037709758 758 32
E 0 761 0 0.037713315 759 32
E 0 762 0 0.037716852 760 32
E 0 763 0 0.037720389 761 32
E 0 764 0 0.037723935 762 32
E 0 765 0 0.037727472 763 32
E 0 766 0 0.037731019 764 32
E 0 767 0 0.037734556 765 32
E 0 768 0 0.037738082 766 32
E 0 769 0 0.037741729 767 32
E 0 770 0 0.037745286 768 32
E 0 771 0 0.037748833 769 32
E 0 772 0 0.037752370 770 32
E 0 773 0 0.037755897 771 32
E 0 774 0 0.037759423 772 32
E 0 775 0 0.037762960 773 32
E 0 776 0 0.037766507 774 32
E 0 777 0 0.037770064 775 32
E 0 778 0 0.037773601 776 32
E 0 779 0 0.037777157 777 32
E 0 780 0 0.037780694 778 32
E 0 781 0 0.037784231 779 32
E 0 782 0 0.037787768 780 32
E 0 783 0 0.037791294 781 32
E 0 784 0 0.037794811 782 32
E 0 785 0 0.037798358 783 32
E 0 786 0 0.037801895 784 32
E 0 787 0 0.037805432 785 32
E 0 788 0 0.037808968 786 32
E 0 789 0 0.037812495 787 32
E 0 790 0 0.037816022 788 32
E 0 791 0 0.037819559 789 32
E 0 792 0 0.037823186 790 32
E 0 793 0 0.037826692 791 32
E 0 794 0 0.037830229 792 32
E 0 795 0 0.037833766 793 32
E 0 796 0 0.037837303 794 32
E 0 797 0 0.037840849 795 32
E 0 798 0 0.037844376 796 32
E 0 799 0 0.037847913 797 32
E 0 800 0 0.037851440 798 32
E 0 801 0 0.037854987 799 32
E 0 802 0 0.037858523 800 32
E 0 803 0 0.037862060 801 32
E 0 804 0 0.037865587 802 32
E 0 805 0 0.037869114 803 32
E 0 806 0 0.037872640 804 32
E 0 807 0 0.037876167 805 32
E 0 808 0 0.037879704 806 32
E 0 809 0 0.037883211 807 32
E 0 810 0 0.037886747 808 32
E 0 811 0 0.037890284 809 32
E 0 812 0 0.037893811 810 32
E 0 813 0 0.037897348 811 32
E 0 814 0 0.037900875 812 32
E 0 815 0 0.037904401 813 32
E 0 816 0 0.037907918 814 32
E 0 817 0 0.037911455 815 32
E 0 818 0 0.037915082 816 32
E 0 819 0 0.037918629 817 32
E 0 820 0 0.037922165 818 32
E 0 821 0 0.037925692 819 32
E 0 822 0 0.037929219 820 32
E 0 823 0 0.037932746 821 32
E 0 824 0 0.037936272 822 32
E 0 825 0 0.037939829 823 32
E 0 826 0 0.037943376 824 32
E 0 827 0 0.037946903 825 32
E 0 828 0 0.037950440 826 32
E 0 829 0 0.037953966 827 32
E 0 830 0 0.037957503 828 32
E 0 831 0 0.037961040 829 32
E 0 832 0 0.037964577 830 32
E 0 833 0 0.037968204 831 32
E 0 834 0 0.037971710 832 32
E 0 835 0 0.037975257 833 32
E 0 836 0 0.037978804 834 32
E 0 837 0 0.037982351 835 32
E 0 838 0 0.037985878 836 32
E 0 839 0 0.037989414 837 32
E 0 840 0 0.037992971 838 32
E 0 841 0 0.037996508 839 32
E 0 842 0 0.038000035 840 32
E 0 843 0 0.038003571 841 32
E 0 844 0 0.038007108 842 32
E 0 845 0 0.038010645 843 32
E 0 846 0 0.038014172 844 32
E 0 847 0 0.038017709 845 32
E 0 848 0 0.038021245 846 32
E 0 849 0 0.038024782 847 32
E 0 850 0 0.038028289 848 32
E 0 851 0 0.038031836 849 32
E 0 852 0 0.038035362 850 32
E 0 853 0 0.038038899 851 32
E 0 854 0 0.038042426 852 32
E 0 855 0 0.038045963 853 32
E 0 856 0 0.038049509 854 32
E 0 857 0 0.038058617 855 32
E 0 858 0 0.038062154 856 32
E 0 859 0 0.038065701 857 32
E 0 860 0 0.038069237 858 32
E 0 861 0 0.038072774 859 32
E 0 862 0 0.038076301 860 32
E 0 863 0 0.038079838 861 32
E 0 864 0 0.038083404 862 32
E 0 865 0 0.038086921 863 32
E 0 866 0 0.038090448 864 32
E 0 867 0 0.038093985 865 32
E 0 868 0 0.038101810 866 32
E 0 869 0 0.038105387 867 32
E 0 870 0 0.038108923 868 32
E 0 871 0 0.038112460 869 32
E 0 872 0 0.038115997 870 32
E 0 873 0 0.038119534 871 32
E 0 874 0 0.038123071 872 32
E 0 875 0 0.038126597 873 32
E 0 876 0 0.038130144 874 32
E 0 877 0 0.038133681 875 32
E 0 878 0 0.038137218 876 32
E 0 879 0 0.038140754 877 32
E 0 880 0 0.038144301 878 32
E 0 881 0 0.038147848 879 32
E 0 882 0 0.038151385 880 32
E 0 883 0 0.038154912 881 32
E 0 884 0 0.038158538 882 32
E 0 885 0 0.038162055 883 32
E 0 886 0 0.038165602 884 32
E 0 887 0 0.038169149 885 32
E 0 888 0 0.038172706 886 32
E 0 889 0 0.038176242 887 32
E 0 890 0 0.038179779 888 32
E 0 891 0 0.038183316 889 32
E 0 892 0 0.038186863 890 32
E 0 893 0 0.038190400 891 32
E 0 894 0 0.038193936 892 32
E 0 895 0 0.038197483 893 32
E 0 896 0 0.038201020 894 32
E 0 897 0 0.038204557 895 32
E 0 898 0 0.038208104 896 32
E 0 899 0 0.038211630 897 32
E 0 900 0 0.038215167 898 32
E 0 901 0 0.038218694 899 32
E 0 902 0 0.038222231 900 32
E 0 903 0 0.038225777 901 32
E 0 904 0 0.038229314 902 32
E 0 905 0 0.038232861 903 32
E 0 906 0 0.038236398 904 32
E 0 907 0 0.038239935 905 32
E 0 908 0 0.038243471 906 32
E 0 909 0 0.038246988 907 32
E 0 910 0 0.038250525 908 32
E 0 911 0 0.038254062 909 32
E 0 912 0 0.038257608 910 32
E 0 913 0 0.038261145 911 32
E 0 914 0 0.038264682 912 32
E 0 915 0 0.038268219 913 32
E 0 916 0 0.038271766 914 32
E 0 917 0 0.038275282 915 32
E 0 918 0 0.038278829 916 32
E 0 919 0 0.038282366 917 32
E 0 920 0 0.038285903 918 32
E 0 921 0 0.038289439 919 32
E 0 922 0 0.038292976 920 32
E 0 923 0 0.038296503 921 32
E 0 924 0 0.038300040 922 32
E 0 925 0 0.038303567 923 32
E 0 926 0 0.038307103 924 32
E 0 927 0 0.038310640 925 32
E 0 928 0 0.038314177 926 32
E 0 929 0 0.038317714 927 32
E 0 930 0 0.038321250 928 32
E 0 931 0 0.038324777 929 32
E 0 932 0 0.038328314 930 32
E 0 933 0 0.038331931 931 32
E 0 934 0 0.038335438 932 32
E 0 935 0 0.038338984 933 32
E 0 936 0 0.038342541 934 32
E 0 937 0 0.038346078 935 32
E 0 938 0 0.038349625 936 32
E 0 939 0 0.038353152 937 32
E 0 940 0 0.038356698 938 32
E 0 941 0 0.038360235 939 32
E 0 942 0 0.038363782 940 32
E 0 943 0 0.038367319 941 32
E 0 944 0 0.038370856 942 32
E 0 945 0 0.038374402 943 32
E 0 946 0 0.038377939 944 32
E 0 947 0 0.038381476 945 32
E 0 948 0 0.038385013 946 32
E 0 949 0 0.038388750 947 32
E 0 950 0 0.038392277 948 32
E 0 951 0 0.038395823 949 32
E 0 952 0 0.038399380 950 32
E 0 953 0 0.038402927 951 32
E 0 954 0 0.038406474 952 32
E 0 955 0 0.038410011 953 32
E 0 956 0 0.038413567 954 32
E 0 957 0 0.038417114 955 32
E 0 958 0 0.038420661 956 32
E 0 959 0 0.038424218 957 32
E 0 960 0 0.038427765 958 32
E 0 961 0 0.038431321 959 32
E 0 962 0 0.038434858 960 32
E 0 963 0 0.038438405 961 32
E 0 964 0 0.038441952 962 32
E 0 965 0 0.038445529 963 32
E 0 966 0 0.038449065 964 32
E 0 967 0 0.038452612 965 32
E 0 968 0 0.038456169 966 32
E 0 969 0 0.038459716 967 32
E 0 970 0 0.038463273 968 32
E 0 971 0 0.038466799 969 32
E 0 972 0 0.038470346 970 32
E 0 973 0 0.038473913 971 32
E 0 974 0 0.038477440 972 32
E 0 975 0 0.038480987 973 32
E 0 976 0 0.038484543 974 32
E 0 977 0 0.038488100 975 32
E 0 978 0 0.038491647 976 32
E 0 979 0 0.038495184 977 32
E 0 980 0 0.038498741 978 32
E 0 981 0 0.038502277 979 32
E 0 982 0 0.038505804 980 32
E 0 983 0 0.038509351 981 32
E 0 984 0 0.038512898 982 32
E 0 985 0 0.038516455 983 32
E 0 986 0 0.038520001 984 32
E 0 987 0 0.038523548 985 32
E 0 988 0 0.038527095 986 32
E 0 989 0 0.038530652 987 32
E 0 990 0 0.038534169 988 32
E 0 991 0 0.038537725 989 32
E 0 992 0 0.038541282 990 32
E 0 993 0 0.038544829 991 32
E 0 994 0 0.038548386 992 32
E 0 995 0 0.038551923 993 32
E 0 996 0 0.038555479 994 32
E 0 997 0 0.038559026 995 32
E 0 998 0 0.038568404 996 32
E 0 999 0 0.038572001 997 32
E 0 1000 0 0.038575538 998 32
E 0 1001 0 0.038579125 999 32
E 0 1002 1 0.063593176 0 32
E 0 1003 1 0.063607814 1 32
E 0 1004 1 0.063611562 2 32
E 0 1005 1 0.063615179 3 32
E 0 1006 1 0.063618936 4 32
E 0 1007 1 0.063622543 5 32
E 0 1008 1 0.063626110 6 32
E 0 1009 1 0.063629696 7 32
E 0 1010 1 0.063633263 8 32
E 0 1011 1 0.063636970 9 32
E 0 1012 1 0.063640507 10 32
E 0 1013 1 0.063644114 11 32
E 0 1014 1 0.063647671 12 32
E 0 1015 1 0.063651248 13 32
E 0 1016 1 0.063655085 14 32
E 0 1017 1 0.063658692 15 32
E 0 1018 1 0.063662309 16 32
E 0 1019 1 0.063665876 17 32
E 0 1020 1 0.063669423 18 32
E 0 1021 1 0.063672969 19 32
E 0 1022 1 0.063676536 20 32
E 0 1023 1 0.063680073 21 32
E 0 1024 1 0.063683630 22 32
E 0 1025 1 0.063687177 23 32
E 0 1026 1 0.063690733 24 32
E 0 1027 1 0.063694280 25 32
E 0 1028 1 0.063697837 26 32
E 0 1029 1 0.063701394 27 32
E 0 1030 1 0.063704961 28 32
E 0 1031 1 0.063708497 29 32
E 0 1032 1 0.063712054 30 32
E 0 1033 1 0.063715591 31 32
E 0 1034 1 0.063719148 32 32
E 0 1035 1 0.063722705 33 32
E 0 1036 1 0.063726252 34 32
E 0 1037 1 0.063729798 35 32
E 0 1038 1 0.063733365 36 32
E 0 1039 1 0.063736912 37 32
E 0 1040 1 0.063740459 38 32
E 0 1041 1 0.063744006 39 32
E 0 1042 1 0.063747552 40 32
E 0 1043 1 0.063751109 41 32
E 0 1044 1 0.063754656 42 32
E 0 1045 1 0.063758193 43 32
E 0 1046 1 0.063761750 44 32
E 0 1047 1 0.063765296 45 32
E 0 1048 1 0.063768843 46 32
E 0 1049 1 0.063772380 47 32
E 0 1050 1 0.063775927 48 32
E 0 1051 1 0.063779604 49 32
E 0 1052 1 0.063783171 50 32
E 0 1053 1 0.063786737 51 32
E 0 1054 1 0.063790294 52 32
E 0 1055 1 0.063793851 53 32
E 0 1056 1 0.063797398 54 32
E 0 1057 1 0.063800955 55 32
E 0 1058 1 0.063804512 56 32
E 0 1059 1 0.063808058 57 32
E 0 1060 1 0.063811615 58 32
E 0 1061 1 0.063815162 59 32
E 0 1062 1 0.063818719 60 32
E 0 1063 1 0.063822266 61 32
E 0 1064 1 0.063825842 62 32
E 0 1065 1 0.063829379 63 32
E 0 1066 1 0.063832946 64 32
E 0 1067 1 0.063836503 65 32
E 0 1068 1 0.063840060 66 32
E 0 1069 1 0.063843606 67 32
E 0 1070 1 0.063847153 68 32
E 0 1071 1 0.063850700 69 32
E 0 1072 1 0.063854247 70 32
E 0 1073 1 0.063857804 71 32
E 0 1074 1 0.063861361 72 32
E 0 1075 1 0.063864907 73 32
E 0 1076 1 0.063868464 74 32
E 0 1077 1 0.063873083 75 32
E 0 1078 1 0.063876680 76 32
E 0 1079 1 0.063880237 77 32
E 0 1080 1 0.063883794 78 32
E 0 1081 1 0.063887340 79 32
E 0 1082 1 0.063890897 80 32
E 0 1083 1 0.063894454 81 32
E 0 1084 1 0.063898001 82 32
E 0 1085 1 0.063901558 83 32
E 0 1086 1 0.063905114 84 32
E 0 1087 1 0.063908671 85 32
E 0 1088 1 0.063912238 86 32
E 0 1089 1 0.063927968 87 32
E 0 1090 1 0.063931635 88 32
E 0 1091 1 0.063935202 89 32
E 0 1092 1 0.063938749 90 32
E 0 1093 1 0.063942306 91 32
E 0 1094 1 0.063945862 92 32
E 0 1095 1 0.063949429 93 32
E 0 1096 1 0.063952996 94 32
E 0 1097 1 0.063956563 95 32
E 0 1098 1 0.063960150 96 32
E 0 1099 1 0.063963807 97 32
E 0 1100 1 0.063967384 98 32
E 0 1101 1 0.063970931 99 32
E 0 1102 1 0.063974497 100 32
E 0 1103 1 0.063978064 101 32
E 0 1104 1 0.063981631 102 32
E 0 1105 1 0.063985198 103 32
E 0 1106 1 0.063988765 104 32
E 0 1107 1 0.063992332 105 32
E 0 1108 1 0.063995898 106 32
E 0 1109 1 0.063999485 107 32
E 0 1110 1 0.064003052 108 32
E 0 1111 1 0.064006609 109 32
E 0 1112 1 0.064010176 110 32
E 0 1113 1 0.064013733 111 32
E 0 1114 1 0.064017299 112 32
E 0 1115 1 0.064020856 113 32
E 0 1116 1 0.064024423 114 32
E 0 1117 1 0.064027980 115 32
E 0 1118 1 0.064031547 116 32
E 0 1119 1 0.064035114 117 32
E 0 1120 1 0.064038670 118 32
E 0 1121 1 0.064042317 119 32
E 0 1122 1 0.064045894 120 32
E 0 1123 1 0.064049471 121 32
E 0 1124 1 0.064053048 122 32
E 0 1125 1 0.064056605 123 32
E 0 1126 1 0.064060172 124 32
E 0 1127 1 0.064063718 125 32
E 0 1128 1 0.064067275 126 32
E 0 1129 1 0.064070842 127 32
E 0 1130 1 0.064074399 128 32
E 0 1131 1 0.064077966 129 32
E 0 1132 1 0.064081523 130 32
E 0 1133 1 0.064085079 131 32
E 0 1134 1 0.064088656 132 32
E 0 1135 1 0.064092223 133 32
E 0 1136 1 0.064095790 134 32
E 0 1137 1 0.064099367 135 32
E 0 1138 1 0.064113814 136 32
E 0 1139 1 0.064117421 137 32
E 0 1140 1 0.064120998 138 32
E 0 1141 1 0.064124555 139 32
E 0 1142 1 0.064128132 140 32
E 0 1143 1 0.064131769 141 32
E 0 1144 1 0.064135326 142 32
E 0 1145 1 0.064138913 143 32
E 0 1146 1 0.064142479 144 32
E 0 1147 1 0.064146056 145 32
E 0 1148 1 0.064149623 146 32
E 0 1149 1 0.064153180 147 32
E 0 1150 1 0.064156757 148 32
E 0 1151 1 0.064160324 149 32
E 0 1152 1 0.064163890 150 32
E 0 1153 1 0.064167467 151 32
E 0 1154 1 0.064171034 152 32
E 0 1155 1 0.064174611 153 32
E 0 1156 1 0.064178178 154 32
E 0 1157 1 0.064181745 155 32
E 0 1158 1 0.064185322 156 32
E 0 1159 1 0.064188898 157 32
E 0 1160 1 0.064192465 158 32
E 0 1161 1 0.064196032 159 32
E 0 1162 1 0.064199599 160 32
E 0 1163 1 0.064203166 161 32
E 0 1164 1 0.064206743 162 32
E 0 1165 1 0.064210299 163 32
E 0 1166 1 0.064213876 164 32
E 0 1167 1 0.064217453 165 32
E 0 1168 1 0.064221010 166 32
E 0 1169 1 0.064224597 167 32
E 0 1170 1 0.064228164 168 32
E 0 1171 1 0.064231731 169 32
E 0 1172 1 0.064235297 170 32
E 0 1173 1 0.064238854 171 32
E 0 1174 1 0.064242431 172 32
E 0 1175 1 0.064245998 173 32
E 0 1176 1 0.064249565 174 32
E 0 1177 1 0.064253132 175 32
E 0 1178 1 0.064256869 176 32
E 0 1179 1 0.064260436 177 32
E 0 1180 1 0.064264002 178 32
E 0 1181 1 0.064267559 179 32
E 0 1182 1 0.064271126 180 32
E 0 1183 1 0.064274693 181 32
E 0 1184 1 0.064278250 182 32
E 0 1185 1 0.064281827 183 32
E 0 1186 1 0.064285393 184 32
E 0 1187 1 0.064288960 185 32
E 0 1188 1 0.064292527 186 32
E 0 1189 1 0.064296084 187 32
E 0 1190 1 0.064299651 188 32
E 0 1191 1 0.064303218 189 32
E 0 1192 1 0.064306794 190 32
E 0 1193 1 0.064310361 191 32
E 0 1194 1 0.064313928 192 32
E 0 1195 1 0.064317495 193 32
E 0 1196 1 0.064321072 194 32
E 0 1197 1 0.064324629 195 32
E 0 1198 1 0.064328195 196 32
E 0 1199 1 0.064331752 197 32
E 0 1200 1 0.064335329 198 32
E 0 1201 1 0.064338896 199 32
E 0 1202 1 0.064342453 200 32
E 0 1203 1 0.064346030 201 32
E 0 1204 1 0.064349596 202 32
E 0 1205 1 0.064353193 203 32
E 0 1206 1 0.064356760 204 32
E 0 1207 1 0.064360327 205 32
E 0 1208 1 0.064363894 206 32
E 0 1209 1 0.064367471 207 32
E 0 1210 1 0.064371038 208 32
E 0 1211 1 0.064374604 209 32
E 0 1212 1 0.064378171 210 32
E 0 1213 1 0.064381718 211 32
E 0 1214 1 0.064385295 212 32
E 0 1215 1 0.064388862 213 32
E 0 1216 1 0.064392439 214 32
E 0 1217 1 0.064396015 215 32
E 0 1218 1 0.064399582 216 32
E 0 1219 1 0.064403259 217 32
E 0 1220 1 0.064406816 218 32
E 0 1221 1 0.064410383 219 32
E 0 1222 1 0.064413960 220 32
E 0 1223 1 0.064417537 221 32
E 0 1224 1 0.064421104 222 32
E 0 1225 1 0.064424680 223 32
E 0 1226 1 0.064428247 224 32
E 0 1227 1 0.064431814 225 32
E 0 1228 1 0.064435381 226 32
E 0 1229 1 0.064438948 227 32
E 0 1230 1 0.064442515 228 32
E 0 1231 1 0.064446071 229 32
E 0 1232 1 0.064449638 230 32
E 0 1233 1 0.064453215 231 32
E 0 1234 1 0.064456782 232 32
E 0 1235 1 0.064460349 233 32
E 0 1236 1 0.064463906 234 32
E 0 1237 1 0.064467472 235 32
E 0 1238 1 0.064471039 236 32
E 0 1239 1 0.064474606 237 32
E 0 1240 1 0.064478173 238 32
E 0 1241 1 0.064481750 239 32
E 0 1242 1 0.064485317 240 32
E 0 1243 1 0.064488883 241 32
E 0 1244 1 0.064492450 242 32
E 0 1245 1 0.064496017 243 32
E 0 1246 1 0.064499684 244 32
E 0 1247 1 0.064503241 245 32
E 0 1248 1 0.064506808 246 32
E 0 1249 1 0.064510385 247 32
E 0 1250 1 0.064513962 248 32
E 0 1251 1 0.064517528 249 32
E 0 1252 1 0.064521095 250 32
E 0 1253 1 0.064524662 251 32
E 0 1254 1 0.064528239 252 32
E 0 1255 1 0.064531806 253 32
E 0 1256 1 0.064535373 254 32
E 0 1257 1 0.064538939 255 32
E 0 1258 1 0.064542506 256 32
E 0 1259 1 0.064546083 257 32
E 0 1260 1 0.064549660 258 32
E 0 1261 1 0.064553237 259 32
E 0 1262 1 0.064556824 260 32
E 0 1263 1 0.064560401 261 32
E 0 1264 1 0.064563967 262 32
E 0 1265 1 0.064567554 263 32
E 0 1266 1 0.064571131 264 32
E 0 1267 1 0.064574708 265 32
E 0 1268 1 0.064578285 266 32
E 0 1269 1 0.064581852 267 32
E 0 1270 1 0.064585439 268 32
E 0 1271 1 0.064589025 269 32
E 0 1272 1 0.064592592 270 32
E 0 1273 1 0.064596269 271 32
E 0 1274 1 0.064599916 272 32
E 0 1275 1 0.064609505 273 32
E 0 1276 1 0.064613122 274 32
E 0 1277 1 0.064616698 275 32
E 0 1278 1 0.064620275 276 32
E 0 1279 1 0.064623832 277 32
E 0 1280 1 0.064627399 278 32
E 0 1281 1 0.064630966 279 32
E 0 1282 1 0.064634533 280 32
E 0 1283 1 0.064638089 281 32
E 0 1284 1 0.064641666 282 32
E 0 1285 1 0.064645233 283 32
E 0 1286 1 0.064648800 284 32
E 0 1287 1 0.064652367 285 32
E 0 1288 1 0.064655944 286 32
E 0 1289 1 0.064659511 287 32
E 0 1290 1 0.064663077 288 32
E 0 1291 1 0.064666654 289 32
E 0 1292 1 0.064670221 290 32
E 0 1293 1 0.064673778 291 32
E 0 1294 1 0.064677355 292 32
E 0 1295 1 0.064680922 293 32
E 0 1296 1 0.064684498 294 32
E 0 1297 1 0.064688075 295 32
E 0 1298 1 0.064691642 296 32
E 0 1299 1 0.064695459 297 32
E 0 1300 1 0.064699046 298 32
E 0 1301 1 0.064702603 299 32
E 0 1302 1 0.064706170 300 32
E 0 1303 1 0.064709737 301 32
E 0 1304 1 0.064713314 302 32
E 0 1305 1 0.064721539 303 32
E 0 1306 1 0.064725116 304 32
E 0 1307 1 0.064728693 305 32
E 0 1308 1 0.064732310 306 32
E 0 1309 1 0.064735877 307 32
E 0 1310 1 0.064739444 308 32
E 0 1311 1 0.064743031 309 32
E 0 1312 1 0.064746608 310 32
E 0 1313 1 0.064750174 311 32
E 0 1314 1 0.064753751 312 32
E 0 1315 1 0.064757328 313 32
E 0 1316 1 0.064760895 314 32
E 0 1317 1 0.064764452 315 32
E 0 1318 1 0.064768039 316 32
E 0 1319 1 0.064771605 317 32
E 0 1320 1 0.064775182 318 32
E 0 1321 1 0.064778749 319 32
E 0 1322 1 0.064782326 320 32
E 0 1323 1 0.064785903 321 32
E 0 1324 1 0.064789480 322 32
E 0 1325 1 0.064793037 323 32
E 0 1326 1 0.064796613 324 32
E 0 1327 1 0.064800190 325 32
E 0 1328 1 0.064803757 326 32
E 0 1329 1 0.064807334 327 32
E 0 1330 1 0.064810901 328 32
E 0 1331 1 0.064814468 329 32
E 0 1332 1 0.064818155 330 32
E 0 1333 1 0.064821822 331 32
E 0 1334 1 0.064825429 332 32
E 0 1335 1 0.064829015 333 32
E 0 1336 1 0.064832602 334 32
E 0 1337 1 0.064836179 335 32
E 0 1338 1 0.064839756 336 32
E 0 1339 1 0.064843343 337 32
E 0 1340 1 0.064846910 338 32
E 0 1341 1 0.064850467 339 32
E 0 1342 1 0.064854043 340 32
E 0 1343 1 0.064857620 341 32
E 0 1344 1 0.064861187 342 32
E 0 1345 1 0.064864784 343 32
E 0 1346 1 0.064868391 344 32
E 0 1347 1 0.064871958 345 32
E 0 1348 1 0.064875525 346 32
E 0 1349 1 0.064879091 347 32
E 0 1350 1 0.064882678 348 32
E 0 1351 1 0.064886245 349 32
E 0 1352 1 0.064889822 350 32
E 0 1353 1 0.064893399 351 32
E 0 1354 1 0.064896976 352 32
E 0 1355 1 0.064900543 353 32
E 0 1356 1 0.064904119 354 32
E 0 1357 1 0.064907686 355 32
E 0 1358 1 0.064911273 356 32
E 0 1359 1 0.064915090 357 32
E 0 1360 1 0.064918677 358 32
E 0 1361 1 0.064922274 359 32
E 0 1362 1 0.064925861 360 32
E 0 1363 1 0.064929438 361 32
E 0 1364 1 0.064933035 362 32
E 0 1365 1 0.064936592 363 32
E 0 1366 1 0.064940179 364 32
E 0 1367 1 0.064943755 365 32
E 0 1368 1 0.064947332 366 32
E 0 1369 1 0.064950919 367 32
E 0 1370 1 0.064954496 368 32
E 0 1371 1 0.064958073 369 32
E 0 1372 1 0.064961640 370 32
E 0 1373 1 0.064965247 371 32
E 0 1374 1 0.064968824 372 32
E 0 1375 1 0.064972400 373 32
E 0 1376 1 0.064975967 374 32
E 0 1377 1 0.064979544 375 32
E 0 1378 1 0.064983111 376 32
E 0 1379 1 0.064986688 377 32
E 0 1380 1 0.064990255 378 32
E 0 1381 1 0.064993821 379 32
E 0 1382 1 0.064997398 380 32
E 0 1383 1 0.065000965 381 32
E 0 1384 1 0.065004532 382 32
E 0 1385 1 0.065008099 383 32
E 0 1386 1 0.065011676 384 32
E 0 1387 1 0.065015283 385 32
E 0 1388 1 0.065019571 386 32
E 0 1389 1 0.065023148 387 32
E 0 1390 1 0.065026724 388 32
E 0 1391 1 0.065030301 389 32
E 0 1392 1 0.065033868 390 32
E 0 1393 1 0.065037445 391 32
E 0 1394 1 0.065041012 392 32
E 0 1395 1 0.065044609 393 32
E 0 1396 1 0.065048176 394 32
E 0 1397 1 0.065051732 395 32
E 0 1398 1 0.065055309 396 32
E 0 1399 1 0.065058876 397 32
E 0 1400 1 0.065062543 398 32
E 0 1401 1 0.065066110 399 32
E 0 1402 1 0.065069677 400 32
E 0 1403 1 0.065073254 401 32
E 0 1404 1 0.065076831 402 32
E 0 1405 1 0.065080397 403 32
E 0 1406 1 0.065083974 404 32
E 0 1407 1 0.065087551 405 32
E 0 1408 1 0.065091118 406 32
E 0 1409 1 0.065094685 407 32
E 0 1410 1 0.065098262 408 32
E 0 1411 1 0.065120334 409 32
E 0 1412 1 0.065123951 410 32
E 0 1413 1 0.065127518 411 32
E 0 1414 1 0.065131105 412 32
E 0 1415 1 0.065134671 413 32
E 0 1416 1 0.065138248 414 32
E 0 1417 1 0.065141835 415 32
E 0 1418 1 0.065145412 416 32
E 0 1419 1 0.065148989 417 32
E 0 1420 1 0.065152566 418 32
E 0 1421 1 0.065156143 419 32
E 0 1422 1 0.065159770 420 32
E 0 1423 1 0.065163346 421 32
E 0 1424 1 0.065166923 422 32
E 0 1425 1 0.065170500 423 32
E 0 1426 1 0.065174067 424 32
E 0 1427 1 0.065177644 425 32
E 0 1428 1 0.065181231 426 32
E 0 1429 1 0.065184788 427 32
E 0 1430 1 0.065188384 428 32
E 0 1431 1 0.065191951 429 32
E 0 1432 1 0.065195538 430 32
E 0 1433 1 0.065199115 431 32
E 0 1434 1 0.065202682 432 32
E 0 1435 1 0.065206259 433 32
E 0 1436 1 0.065209856 434 32
E 0 1437 1 0.065213432 435 32
E 0 1438 1 0.065217009 436 32
E 0 1439 1 0.065220586 437 32
E 0 1440 1 0.065224163 438 32
E 0 1441 1 0.065227750 439 32
E 0 1442 1 0.065231317 440 32
E 0 1443 1 0.065234894 441 32
E 0 1444 1 0.065238480 442 32
E 0 1445 1 0.065242047 443 32
E 0 1446 1 0.065245634 444 32
E 0 1447 1 0.065249201 445 32
E 0 1448 1 0.065252788 446 32
E 0 1449 1 0.065256365 447 32
E 0 1450 1 0.065259952 448 32
E 0 1451 1 0.065263528 449 32
E 0 1452 1 0.065267105 450 32
E 0 1453 1 0.065270682 451 32
E 0 1454 1 0.065274259 452 32
E 0 1455 1 0.065277836 453 32
E 0 1456 1 0.065281423 454 32
E 0 1457 1 0.065285130 455 32
E 0 1458 1 0.065288707 456 32
E 0 1459 1 0.065292284 457 32
E 0 1460 1 0.065295870 458 32
E 0 1461 1 0.065299447 459 32
E 0 1462 1 0.065303034 460 32
E 0 1463 1 0.065306611 461 32
E 0 1464 1 0.065310188 462 32
E 0 1465 1 0.065313775 463 32
E 0 1466 1 0.065317352 464 32
E 0 1467 1 0.065320928 465 32
E 0 1468 1 0.065324505 466 32
E 0 1469 1 0.065328082 467 32
E 0 1470 1 0.065331679 468 32
E 0 1471 1 0.065335266 469 32
E 0 1472 1 0.065338843 470 32
E 0 1473 1 0.065342430 471 32
E 0 1474 1 0.065346017 472 32
E 0 1475 1 0.065349593 473 32
E 0 1476 1 0.065353160 474 32
E 0 1477 1 0.065356737 475 32
E 0 1478 1 0.065360324 476 32
E 0 1479 1 0.065363891 477 32
E 0 1480 1 0.065367478 478 32
E 0 1481 1 0.065371065 479 32
E 0 1482 1 0.065374641 480 32
E 0 1483 1 0.065378208 481 32
E 0 1484 1 0.065381785 482 32
E 0 1485 1 0.065385362 483 32
E 0 1486 1 0.065388949 484 32
E 0 1487 1 0.065392526 485 32
E 0 1488 1 0.065396113 486 32
E 0 1489 1 0.065399699 487 32
E 0 1490 1 0.065403276 488 32
E 0 1491 1 0.065406863 489 32
E 0 1492 1 0.065410440 490 32
E 0 1493 1 0.065414017 491 32
E 0 1494 1 0.065417604 492 32
E 0 1495 1 0.065421181 493 32
E 0 1496 1 0.065424758 494 32
E 0 1497 1 0.065428344 495 32
E 0 1498 1 0.065431921 496 32
E 0 1499 1 0.065435508 497 32
E 0 1500 1 0.065439085 498 32
E 0 1501 1 0.065442652 499 32
E 0 1502 1 0.065446249 500 32
E 0 1503 1 0.065449826 501 32
E 0 1504 1 0.065453392 502 32
E 0 1505 1 0.065456979 503 32
E 0 1506 1 0.065460546 504 32
E 0 1507 1 0.065464123 505 32
E 0 1508 1 0.065467700 506 32
E 0 1509 1 0.065471277 507 32
E 0 1510 1 0.065474854 508 32
E 0 1511 1 0.065478430 509 32
E 0 1512 1 0.065482007 510 32
E 0 1513 1 0.065485594 511 32
E 0 1514 1 0.065489171 512 32
E 0 1515 1 0.065492758 513 32
E 0 1516 1 0.065496335 514 32
E 0 1517 1 0.065499912 515 32
E 0 1518 1 0.065503488 516 32
E 0 1519 1 0.065507065 517 32
E 0 1520 1 0.065510642 518 32
E 0 1521 1 0.065518127 519 32
E 0 1522 1 0.065521753 520 32
E 0 1523 1 0.065525320 521 32
E 0 1524 1 0.065528897 522 32
E 0 1525 1 0.065532464 523 32
E 0 1526 1 0.065536051 524 32
E 0 1527 1 0.065539628 525 32
E 0 1528 1 0.065543205 526 32
E 0 1529 1 0.065546781 527 32
E 0 1530 1 0.065550358 528 32
E 0 1531 1 0.065553935 529 32
E 0 1532 1 0.065557522 530 32
E 0 1533 1 0.065561099 531 32
E 0 1534 1 0.065564736 532 32
E 0 1535 1 0.065568313 533 32
E 0 1536 1 0.065571890 534 32
E 0 1537 1 0.065575476 535 32
E 0 1538 1 0.065579053 536 32
E 0 1539 1 0.065582630 537 32
E 0 1540 1 0.065586207 538 32
E 0 1541 1 0.065589774 539 32
E 0 1542 1 0.065593351 540 32
E 0 1543 1 0.065596928 541 32
E 0 1544 1 0.065600504 542 32
E 0 1545 1 0.065604081 543 32
E 0 1546 1 0.065607668 544 32
E 0 1547 1 0.065611245 545 32
E 0 1548 1 0.065620613 546 32
E 0 1549 1 0.065624200 547 32
E 0 1550 1 0.065627777 548 32
E 0 1551 1 0.065631344 549 32
E 0 1552 1 0.065634900 550 32
E 0 1553 1 0.065638467 551 32
E 0 1554 1 0.065642034 552 32
E 0 1555 1 0.065645601 553 32
E 0 1556 1 0.065649168 554 32
E 0 1557 1 0.065652735 555 32
E 0 1558 1 0.065656301 556 32
E 0 1559 1 0.065659868 557 32
E 0 1560 1 0.065663435 558 32
E 0 1561 1 0.065667002 559 32
E 0 1562 1 0.065670559 560 32
E 0 1563 1 0.065674126 561 32
E 0 1564 1 0.065677692 562 32
E 0 1565 1 0.065681249 563 32
E 0 1566 1 0.065684926 564 32
E 0 1567 1 0.065688473 565 32
E 0 1568 1 0.065692030 566 32
E 0 1569 1 0.065695607 567 32
E 0 1570 1 0.065699174 568 32
E 0 1571 1 0.065702740 569 32
E 0 1572 1 0.065706307 570 32
E 0 1573 1 0.065709864 571 32
E 0 1574 1 0.065713431 572 32
E 0 1575 1 0.065716988 573 32
E 0 1576 1 0.065720545 574 32
E 0 1577 1 0.065724101 575 32
E 0 1578 1 0.065727668 576 32
E 0 1579 1 0.065731225 577 32
E 0 1580 1 0.065734782 578 32
E 0 1581 1 0.065738339 579 32
E 0 1582 1 0.065741905 580 32
E 0 1583 1 0.065745462 581 32
E 0 1584 1 0.065749019 582 32
E 0 1585 1 0.065752586 583 32
E 0 1586 1 0.065756153 584 32
E 0 1587 1 0.065759730 585 32
E 0 1588 1 0.065763286 586 32
E 0 1589 1 0.065766843 587 32
E 0 1590 1 0.065770410 588 32
E 0 1591 1 0.065773967 589 32
E 0 1592 1 0.065777524 590 32
E 0 1593 1 0.065781091 591 32
E 0 1594 1 0.065784647 592 32
E 0 1595 1 0.065788214 593 32
E 0 1596 1 0.065791781 594 32
E 0 1597 1 0.065795358 595 32
E 0 1598 1 0.065798935 596 32
E 0 1599 1 0.065802482 597 32
E 0 1600 1 0.065806048 598 32
E 0 1601 1 0.065809605 599 32
E 0 1602 1 0.065813162 600 32
E 0 1603 1 0.065816719 601 32
E 0 1604 1 0.065820286 602 32
E 0 1605 1 0.065823833 603 32
E 0 1606 1 0.065827409 604 32
E 0 1607 1 0.065830976 605 32
E 0 1608 1 0.065834553 606 32
E 0 1609 1 0.065838120 607 32
E 0 1610 1 0.065841677 608 32
E 0 1611 1 0.065845254 609 32
E 0 1612 1 0.065848810 610 32
E 0 1613 1 0.065852367 611 32
E 0 1614 1 0.065855944 612 32
E 0 1615 1 0.065859501 613 32
E 0 1616 1 0.065863068 614 32
E 0 1617 1 0.065866625 615 32
E 0 1618 1 0.065870181 616 32
E 0 1619 1 0.065873748 617 32
E 0 1620 1 0.065877315 618 32
E 0 1621 1 0.065880862 619 32
E 0 1622 1 0.065884429 620 32
E 0 1623 1 0.065887986 621 32
E 0 1624 1 0.065891552 622 32
E 0 1625 1 0.065895119 623 32
E 0 1626 1 0.065898686 624 32
E 0 1627 1 0.065902253 625 32
E 0 1628 1 0.065905820 626 32
E 0 1629 1 0.065909948 627 32
E 0 1630 1 0.065914556 628 32
E 0 1631 1 0.065918815 629 32
E 0 1632 1 0.065924465 630 32
E 0 1633 1 0.065929475 631 32
E 0 1634 1 0.065934645 632 32
E 0 1635 1 0.065939725 633 32
E 0 1636 1 0.065944263 634 32
E 0 1637 1 0.065949013 635 32
E 0 1638 1 0.065954102 636 32
E 0 1639 1 0.065959072 637 32
E 0 1640 1 0.065962909 638 32
E 0 1641 1 0.065966696 639 32
E 0 1642 1 0.065970504 640 32
E 0 1643 1 0.065974081 641 32
E 0 1644 1 0.065977677 642 32
E 0 1645 1 0.065981234 643 32
E 0 1646 1 0.065984811 644 32
E 0 1647 1 0.065988368 645 32
E 0 1648 1 0.065991935 646 32
E 0 1649 1 0.065995502 647 32
E 0 1650 1 0.065999058 648 32
E 0 1651 1 0.066002615 649 32
E 0 1652 1 0.066006172 650 32
E 0 1653 1 0.066009719 651 32
E 0 1654 1 0.066013276 652 32
E 0 1655 1 0.066016833 653 32
E 0 1656 1 0.066020399 654 32
E 0 1657 1 0.066023966 655 32
E 0 1658 1 0.066027533 656 32
E 0 1659 1 0.066031100 657 32
E 0 1660 1 0.066034657 658 32
E 0 1661 1 0.066038214 659 32
E 0 1662 1 0.066041770 660 32
E 0 1663 1 0.066045327 661 32
E 0 1664 1 0.066048894 662 32
E 0 1665 1 0.066052471 663 32
E 0 1666 1 0.066080665 664 32
E 0 1667 1 0.066089372 665 32
E 0 1668 1 0.066093770 666 32
E 0 1669 1 0.066097567 667 32
E 0 1670 1 0.066101365 668 32
E 0 1671 1 0.066104971 669 32
E 0 1672 1 0.066108538 670 32
E 0 1673 1 0.066112125 671 32
E 0 1674 1 0.066115702 672 32
E 0 1675 1 0.066119279 673 32
E 0 1676 1 0.066122846 674 32
E 0 1677 1 0.066148675 675 32
E 0 1678 1 0.066155578 676 32
E 0 1679 1 0.066159326 677 32
E 0 1680 1 0.066162872 678 32
E 0 1681 1 0.066166429 679 32
E 0 1682 1 0.066170016 680 32
E 0 1683 1 0.066173663 681 32
E 0 1684 1 0.066189644 682 32
E 0 1685 1 0.066193251 683 32
E 0 1686 1 0.066196828 684 32
E 0 1687 1 0.066200384 685 32
E 0 1688 1 0.066203951 686 32
E 0 1689 1 0.066207518 687 32
E 0 1690 1 0.066211075 688 32
E 0 1691 1 0.066214652 689 32
E 0 1692 1 0.066218229 690 32
E 0 1693 1 0.066221785 691 32
E 0 1694 1 0.066225352 692 32
E 0 1695 1 0.066228919 693 32
E 0 1696 1 0.066232476 694 32
E 0 1697 1 0.066236033 695 32
E 0 1698 1 0.066239600 696 32
E 0 1699 1 0.066243166 697 32
E 0 1700 1 0.066246743 698 32
E 0 1701 1 0.066250300 699 32
E 0 1702 1 0.066253867 700 32
E 0 1703 1 0.066257424 701 32
E 0 1704 1 0.066261001 702 32
E 0 1705 1 0.066264567 703 32
E 0 1706 1 0.066268134 704 32
E 0 1707 1 0.066271701 705 32
E 0 1708 1 0.066275268 706 32
E 0 1709 1 0.066278835 707 32
E 0 1710 1 0.066282402 708 32
E 0 1711 1 0.066285978 709 32
E 0 1712 1 0.066289545 710 32
E 0 1713 1 0.066293112 711 32
E 0 1714 1 0.066296909 712 32
E 0 1715 1 0.066300476 713 32
E 0 1716 1 0.066304053 714 32
E 0 1717 1 0.066307630 715 32
E 0 1718 1 0.066311197 716 32
E 0 1719 1 0.066314774 717 32
E 0 1720 1 0.066318341 718 32
E 0 1721 1 0.066321917 719 32
E 0 1722 1 0.066325484 720 32
E 0 1723 1 0.066329061 721 32
E 0 1724 1 0.066332638 722 32
E 0 1725 1 0.066336656 723 32
E 0 1726 1 0.066341345 724 32
E 0 1727 1 0.066346254 725 32
E 0 1728 1 0.066350843 726 32
E 0 1729 1 0.066363106 727 32
E 0 1730 1 0.066370180 728 32
E 0 1731 1 0.066376452 729 32
E 0 1732 1 0.066380580 730 32
E 0 1733 1 0.066385529 731 32
E 0 1734 1 0.066390349 732 32
E 0 1735 1 0.066394757 733 32
E 0 1736 1 0.066409094 734 32
E 0 1737 1 0.066414535 735 32
E 0 1738 1 0.066418713 736 32
E 0 1739 1 0.066423252 737 32
E 0 1740 1 0.066428251 738 32
E 0 1741 1 0.066433461 739 32
E 0 1742 1 0.066437759 740 32
E 0 1743 1 0.066442038 741 32
E 0 1744 1 0.066446606 742 32
E 0 1745 1 0.066450734 743 32
E 0 1746 1 0.066454962 744 32
E 0 1747 1 0.066462006 745 32
E 0 1748 1 0.066467737 746 32
E 0 1749 1 0.066472556 747 32
E 0 1750 1 0.066476904 748 32
E 0 1751 1 0.066481704 749 32
E 0 1752 1 0.066486202 750 32
E 0 1753 1 0.066490390 751 32
E 0 1754 1 0.066495169 752 32
E 0 1755 1 0.066499728 753 32
E 0 1756 1 0.066504487 754 32
E 0 1757 1 0.066508926 755 32
E 0 1758 1 0.066513465 756 32
E 0 1759 1 0.066518123 757 32
E 0 1760 1 0.066523003 758 32
E 0 1761 1 0.066527752 759 32
E 0 1762 1 0.066532471 760 32
E 0 1763 1 0.066536599 761 32
E 0 1764 1 0.066541448 762 32
E 0 1765 1 0.066546247 763 32
E 0 1766 1 0.066550786 764 32
E 0 1767 1 0.066555796 765 32
E 0 1768 1 0.066560495 766 32
E 0 1769 1 0.066565334 767 32
E 0 1770 1 0.066569963 768 32
E 0 1771 1 0.066573890 769 32
E 0 1772 1 0.066577467 770 32
E 0 1773 1 0.066581024 771 32
E 0 1774 1 0.066584591 772 32
E 0 1775 1 0.066588148 773 32
E 0 1776 1 0.066591705 774 32
E 0 1777 1 0.066596394 775 32
E 0 1778 1 0.066599970 776 32
E 0 1779 1 0.066603557 777 32
E 0 1780 1 0.066607124 778 32
E 0 1781 1 0.066610671 779 32
E 0 1782 1 0.066614238 780 32
E 0 1783 1 0.066617795 781 32
E 0 1784 1 0.066621341 782 32
E 0 1785 1 0.066624898 783 32
E 0 1786 1 0.066628455 784 32
E 0 1787 1 0.066632012 785 32
E 0 1788 1 0.066635579 786 32
E 0 1789 1 0.066639135 787 32
E 0 1790 1 0.066642702 788 32
E 0 1791 1 0.066646249 789 32
E 0 1792 1 0.066649806 790 32
E 0 1793 1 0.066653363 791 32
E 0 1794 1 0.066656990 792 32
E 0 1795 1 0.066660547 793 32
E 0 1796 1 0.066664113 794 32
E 0 1797 1 0.066667670 795 32
E 0 1798 1 0.066671227 796 32
E 0 1799 1 0.066674784 797 32
E 0 1800 1 0.066678331 798 32
E 0 1801 1 0.066681887 799 32
E 0 1802 1 0.066685444 800 32
E 0 1803 1 0.066689021 801 32
E 0 1804 1 0.066692578 802 32
E 0 1805 1 0.066696135 803 32
E 0 1806 1 0.066699702 804 32
E 0 1807 1 0.066703258 805 32
E 0 1808 1 0.066706815 806 32
E 0 1809 1 0.066710763 807 32
E 0 1810 1 0.066714340 808 32
E 0 1811 1 0.066717896 809 32
E 0 1812 1 0.066721463 810 32
E 0 1813 1 0.066725020 811 32
E 0 1814 1 0.066728577 812 32
E 0 1815 1 0.066732134 813 32
E 0 1816 1 0.066735691 814 32
E 0 1817 1 0.066739237 815 32
E 0 1818 1 0.066742804 816 32
E 0 1819 1 0.066746361 817 32
E 0 1820 1 0.066749918 818 32
E 0 1821 1 0.066765408 819 32
E 0 1822 1 0.066769024 820 32
E 0 1823 1 0.066772611 821 32
E 0 1824 1 0.066776188 822 32
E 0 1825 1 0.066779765 823 32
E 0 1826 1 0.066783332 824 32
E 0 1827 1 0.066786879 825 32
E 0 1828 1 0.066790446 826 32
E 0 1829 1 0.066794002 827 32
E 0 1830 1 0.066797569 828 32
E 0 1831 1 0.066801136 829 32
E 0 1832 1 0.066804683 830 32
E 0 1833 1 0.066808230 831 32
E 0 1834 1 0.066811786 832 32
E 0 1835 1 0.066815343 833 32
E 0 1836 1 0.066818910 834 32
E 0 1837 1 0.066822467 835 32
E 0 1838 1 0.066826024 836 32
E 0 1839 1 0.066829581 837 32
E 0 1840 1 0.066833137 838 32
E 0 1841 1 0.066836694 839 32
E 0 1842 1 0.066840251 840 32
E 0 1843 1 0.066843808 841 32
E 0 1844 1 0.066847355 842 32
E 0 1845 1 0.066850911 843 32
E 0 1846 1 0.066854458 844 32
E 0 1847 1 0.066858015 845 32
E 0 1848 1 0.066861572 846 32
E 0 1849 1 0.066865129 847 32
E 0 1850 1 0.066868675 848 32
E 0 1851 1 0.066872333 849 32
E 0 1852 1 0.066875909 850 32
E 0 1853 1 0.066879476 851 32
E 0 1854 1 0.066883043 852 32
E 0 1855 1 0.066886610 853 32
E 0 1856 1 0.066890197 854 32
E 0 1857 1 0.066893764 855 32
E 0 1858 1 0.066897320 856 32
E 0 1859 1 0.066900887 857 32
E 0 1860 1 0.066904454 858 32
E 0 1861 1 0.066908021 859 32
E 0 1862 1 0.066911588 860 32
E 0 1863 1 0.066915145 861 32
E 0 1864 1 0.066918701 862 32
E 0 1865 1 0.066922278 863 32
E 0 1866 1 0.066925845 864 32
E 0 1867 1 0.066929402 865 32
E 0 1868 1 0.066932959 866 32
E 0 1869 1 0.066936526 867 32
E 0 1870 1 0.066940163 868 32
E 0 1871 1 0.066943699 869 32
E 0 1872 1 0.066947256 870 32
E 0 1873 1 0.066950813 871 32
E 0 1874 1 0.066954380 872 32
E 0 1875 1 0.066957937 873 32
E 0 1876 1 0.066961493 874 32
E 0 1877 1 0.066965050 875 32
E 0 1878 1 0.066968607 876 32
E 0 1879 1 0.066972164 877 32
E 0 1880 1 0.066975731 878 32
E 0 1881 1 0.066979288 879 32
E 0 1882 1 0.066982844 880 32
E 0 1883 1 0.066986401 881 32
E 0 1884 1 0.066989968 882 32
E 0 1885 1 0.066993535 883 32
E 0 1886 1 0.066997092 884 32
E 0 1887 1 0.067000659 885 32
E 0 1888 1 0.067004215 886 32
E 0 1889 1 0.067007792 887 32
E 0 1890 1 0.067011339 888 32
E 0 1891 1 0.067014906 889 32
E 0 1892 1 0.067018483 890 32
E 0 1893 1 0.067022039 891 32
E 0 1894 1 0.067025606 892 32
E 0 1895 1 0.067029173 893 32
E 0 1896 1 0.067032730 894 32
E 0 1897 1 0.067036307 895 32
E 0 1898 1 0.067039864 896 32
E 0 1899 1 0.067043430 897 32
E 0 1900 1 0.067046997 898 32
E 0 1901 1 0.067050554 899 32
E 0 1902 1 0.067054131 900 32
E 0 1903 1 0.067057698 901 32
E 0 1904 1 0.067061245 902 32
E 0 1905 1 0.067064811 903 32
E 0 1906 1 0.067068378 904 32
E 0 1907 1 0.067071945 905 32
E 0 1908 1 0.067075572 906 32
E 0 1909 1 0.067079109 907 32
E 0 1910 1 0.067082676 908 32
E 0 1911 1 0.067086243 909 32
E 0 1912 1 0.067089799 910 32
E 0 1913 1 0.067093366 911 32
E 0 1914 1 0.067096933 912 32
E 0 1915 1 0.067100500 913 32
E 0 1916 1 0.067104057 914 32
E 0 1917 1 0.067107624 915 32
E 0 1918 1 0.067111190 916 32
E 0 1919 1 0.067114747 917 32
E 0 1920 1 0.067118314 918 32
E 0 1921 1 0.067121871 919 32
E 0 1922 1 0.067125438 920 32
E 0 1923 1 0.067129005 921 32
E 0 1924 1 0.067132561 922 32
E 0 1925 1 0.067136128 923 32
E 0 1926 1 0.067139695 924 32
E 0 1927 1 0.067143292 925 32
E 0 1928 1 0.067146849 926 32
E 0 1929 1 0.067150426 927 32
E 0 1930 1 0.067153982 928 32
E 0 1931 1 0.067157559 929 32
E 0 1932 1 0.067161126 930 32
E 0 1933 1 0.067164683 931 32
E 0 1934 1 0.067168250 932 32
E 0 1935 1 0.067171807 933 32
E 0 1936 1 0.067175363 934 32
E 0 1937 1 0.067178920 935 32
E 0 1938 1 0.067182487 936 32
E 0 1939 1 0.067186054 937 32
E 0 1940 1 0.067189621 938 32
E 0 1941 1 0.067193188 939 32
E 0 1942 1 0.067196744 940 32
E 0 1943 1 0.067200772 941 32
E 0 1944 1 0.067204910 942 32
E 0 1945 1 0.067208477 943 32
E 0 1946 1 0.067212024 944 32
E 0 1947 1 0.067215631 945 32
E 0 1948 1 0.067219187 946 32
E 0 1949 1 0.067222754 947 32
E 0 1950 1 0.067226311 948 32
E 0 1951 1 0.067229868 949 32
E 0 1952 1 0.067238484 950 32
E 0 1953 1 0.067242121 951 32
E 0 1954 1 0.067245688 952 32
E 0 1955 1 0.067249275 953 32
E 0 1956 1 0.067252852 954 32
E 0 1957 1 0.067261979 955 32
E 0 1958 1 0.067265596 956 32
E 0 1959 1 0.067269163 957 32
E 0 1960 1 0.067272740 958 32
E 0 1961 1 0.067276327 959 32
E 0 1962 1 0.067279944 960 32
E 0 1963 1 0.067283511 961 32
E 0 1964 1 0.067287078 962 32
E 0 1965 1 0.067290644 963 32
E 0 1966 1 0.067294211 964 32
E 0 1967 1 0.067297788 965 32
E 0 1968 1 0.067301365 966 32
E 0 1969 1 0.067304932 967 32
E 0 1970 1 0.067308499 968 32
E 0 1971 1 0.067312075 969 32
E 0 1972 1 0.067315642 970 32
E 0 1973 1 0.067319209 971 32
E 0 1974 1 0.067322776 972 32
E 0 1975 1 0.067326343 973 32
E 0 1976 1 0.067329920 974 32
E 0 1977 1 0.067333487 975 32
E 0 1978 1 0.067337053 976 32
E 0 1979 1 0.067340630 977 32
E 0 1980 1 0.067344207 978 32
E 0 1981 1 0.067347764 979 32
E 0 1982 1 0.067351331 980 32
E 0 1983 1 0.067354898 981 32
E 0 1984 1 0.067358474 982 32
E 0 1985 1 0.067362041 983 32
E 0 1986 1 0.067365588 984 32
E 0 1987 1 0.067369175 985 32
E 0 1988 1 0.067372742 986 32
E 0 1989 1 0.067376309 987 32
E 0 1990 1 0.067379865 988 32
E 0 1991 1 0.067383442 989 32
E 0 1992 1 0.067387009 990 32
E 0 1993 1 0.067390586 991 32
E 0 1994 1 0.067394143 992 32
E 0 1995 1 0.067397800 993 32
E 0 1996 1 0.067401407 994 32
E 0 1997 1 0.067404974 995 32
E 0 1998 1 0.067408540 996 32
E 0 1999 1 0.067412107 997 32
E 0 2000 1 0.067415684 998 32
E 0 2001 1 0.067419251 999 32
E 0 2002 2 0.098534288 0 32
E 0 2003 2 0.098552794 1 32
E 0 2004 2 0.098557312 2 32
E 0 2005 2 0.098561059 3 32
E 0 2006 2 0.098564907 4 32
E 0 2007 2 0.098568624 5 32
E 0 2008 2 0.098572331 6 32
E 0 2009 2 0.098576038 7 32
E 0 2010 2 0.098579735 8 32
E 0 2011 2 0.098583422 9 32
E 0 2012 2 0.098587119 10 32
E 0 2013 2 0.098590816 11 32
E 0 2014 2 0.098594644 12 32
E 0 2015 2 0.098598321 13 32
E 0 2016 2 0.098602309 14 32
E 0 2017 2 0.098606066 15 32
E 0 2018 2 0.098609743 16 32
E 0 2019 2 0.098613420 17 32
E 0 2020 2 0.098617498 18 32
E 0 2021 2 0.098622567 19 32
E 0 2022 2 0.098626805 20 32
E 0 2023 2 0.098630853 21 32
E 0 2024 2 0.098634831 22 32
E 0 2025 2 0.098638508 23 32
E 0 2026 2 0.098642465 24 32
E 0 2027 2 0.098646133 25 32
E 0 2028 2 0.098649800 26 32
E 0 2029 2 0.098653467 27 32
E 0 2030 2 0.098658566 28 32
E 0 2031 2 0.098663887 29 32
E 0 2032 2 0.098669227 30 32
E 0 2033 2 0.098674487 31 32
E 0 2034 2 0.098679246 32 32
E 0 2035 2 0.098683945 33 32
E 0 2036 2 0.098688925 34 32
E 0 2037 2 0.098693894 35 32
E 0 2038 2 0.098699154 36 32
E 0 2039 2 0.098703272 37 32
E 0 2040 2 0.098706979 38 32
E 0 2041 2 0.098710716 39 32
E 0 2042 2 0.098714403 40 32
E 0 2043 2 0.098718080 41 32
E 0 2044 2 0.098721757 42 32
E 0 2045 2 0.098725445 43 32
E 0 2046 2 0.098729122 44 32
E 0 2047 2 0.098732799 45 32
E 0 2048 2 0.098736476 46 32
E 0 2049 2 0.098740153 47 32
E 0 2050 2 0.098743840 48 32
E 0 2051 2 0.098747527 49 32
E 0 2052 2 0.098751204 50 32
E 0 2053 2 0.098754931 51 32
E 0 2054 2 0.098758618 52 32
E 0 2055 2 0.098762295 53 32
E 0 2056 2 0.098765982 54 32
E 0 2057 2 0.098769669 55 32
E 0 2058 2 0.098773356 56 32
E 0 2059 2 0.098777033 57 32
E 0 2060 2 0.098781111 58 32
E 0 2061 2 0.098787053 59 32
E 0 2062 2 0.098795248 60 32
E 0 2063 2 0.098805658 61 32
E 0 2064 2 0.098810618 62 32
E 0 2065 2 0.098815828 63 32
E 0 2066 2 0.098821018 64 32
E 0 2067 2 0.098825687 65 32
E 0 2068 2 0.098829925 66 32
E 0 2069 2 0.098834333 67 32
E 0 2070 2 0.098840255 68 32
E 0 2071 2 0.098845655 69 32
E 0 2072 2 0.098850224 70 32
E 0 2073 2 0.098854732 71 32
E 0 2074 2 0.098859401 72 32
E 0 2075 2 0.098863710 73 32
E 0 2076 2 0.098867878 74 32
E 0 2077 2 0.098873288 75 32
E 0 2078 2 0.098877496 76 32
E 0 2079 2 0.098883578 77 32
E 0 2080 2 0.098888908 78 32
E 0 2081 2 0.098893958 79 32
E 0 2082 2 0.098898226 80 32
E 0 2083 2 0.098903085 81 32
E 0 2084 2 0.098909067 82 32
E 0 2085 2 0.098914126 83 32
E 0 2086 2 0.098920268 84 32
E 0 2087 2 0.098927281 85 32
E 0 2088 2 0.098932612 86 32
E 0 2089 2 0.098936940 87 32
E 0 2090 2 0.098941248 88 32
E 0 2091 2 0.098945837 89 32
E 0 2092 2 0.098951348 90 32
E 0 2093 2 0.098955986 91 32
E 0 2094 2 0.098960295 92 32
E 0 2095 2 0.098964573 93 32
E 0 2096 2 0.098970084 94 32
E 0 2097 2 0.099003397 95 32
E 0 2098 2 0.099013657 96 32
E 0 2099 2 0.099022845 97 32
E 0 2100 2 0.099028385 98 32
E 0 2101 2 0.099033305 99 32
E 0 2102 2 0.099038575 100 32
E 0 2103 2 0.099045007 101 32
E 0 2104 2 0.099049516 102 32
E 0 2105 2 0.099054465 103 32
E 0 2106 2 0.099059285 104 32
E 0 2107 2 0.099063613 105 32
E 0 2108 2 0.099068432 106 32
E 0 2109 2 0.099072881 107 32
E 0 2110 2 0.099077610 108 32
E 0 2111 2 0.099082008 109 32
E 0 2112 2 0.099086637 110 32
E 0 2113 2 0.099091075 111 32
E 0 2114 2 0.099095724 112 32
E 0 2115 2 0.099100704 113 32
E 0 2116 2 0.099105243 114 32
E 0 2117 2 0.099111545 115 32
E 0 2118 2 0.099122886 116 32
E 0 2119 2 0.099130812 117 32
E 0 2120 2 0.099135881 118 32
E 0 2121 2 0.099139889 119 32
E 0 2122 2 0.099143787 120 32
E 0 2123 2 0.099147474 121 32
E 0 2124 2 0.099151141 122 32
E 0 2125 2 0.099155649 123 32
E 0 2126 2 0.099161200 124 32
E 0 2127 2 0.099166199 125 32
E 0 2128 2 0.099171680 126 32
E 0 2129 2 0.099212649 127 32
E 0 2130 2 0.099221255 128 32
E 0 2131 2 0.099225313 129 32
E 0 2132 2 0.099229000 130 32
E 0 2133 2 0.099232687 131 32
E 0 2134 2 0.099236354 132 32
E 0 2135 2 0.099240031 133 32
E 0 2136 2 0.099243708 134 32
E 0 2137 2 0.099247385 135 32
E 0 2138 2 0.099251052 136 32
E 0 2139 2 0.099254729 137 32
E 0 2140 2 0.099258917 138 32
E 0 2141 2 0.099262624 139 32
E 0 2142 2 0.099266311 140 32
E 0 2143 2 0.099269988 141 32
E 0 2144 2 0.099273665 142 32
E 0 2145 2 0.099277343 143 32
E 0 2146 2 0.099281020 144 32
E 0 2147 2 0.099284707 145 32
E 0 2148 2 0.099288384 146 32
E 0 2149 2 0.099292061 147 32
E 0 2150 2 0.099295738 148 32
E 0 2151 2 0.099299415 149 32
E 0 2152 2 0.099303102 150 32
E 0 2153 2 0.099306859 151 32
E 0 2154 2 0.099310536 152 32
E 0 2155 2 0.099314273 153 32
E 0 2156 2 0.099317960 154 32
E 0 2157 2 0.099321647 155 32
E 0 2158 2 0.099325335 156 32
E 0 2159 2 0.099329012 157 32
E 0 2160 2 0.099333059 158 32
E 0 2161 2 0.099336947 159 32
E 0 2162 2 0.099340624 160 32
E 0 2163 2 0.099344301 161 32
E 0 2164 2 0.099347978 162 32
E 0 2165 2 0.099351655 163 32
E 0 2166 2 0.099355342 164 32
E 0 2167 2 0.099359019 165 32
E 0 2168 2 0.099362706 166 32
E 0 2169 2 0.099366383 167 32
E 0 2170 2 0.099370050 168 32
E 0 2171 2 0.099373737 169 32
E 0 2172 2 0.099377414 170 32
E 0 2173 2 0.099393094 171 32
E 0 2174 2 0.099396872 172 32
E 0 2175 2 0.099401340 173 32
E 0 2176 2 0.099405047 174 32
E 0 2177 2 0.099408774 175 32
E 0 2178 2 0.099412452 176 32
E 0 2179 2 0.099416149 177 32
E 0 2180 2 0.099419826 178 32
E 0 2181 2 0.099423523 179 32
E 0 2182 2 0.099427210 180 32
E 0 2183 2 0.099430887 181 32
E 0 2184 2 0.099434574 182 32
E 0 2185 2 0.099438251 183 32
E 0 2186 2 0.099441938 184 32
E 0 2187 2 0.099445916 185 32
E 0 2188 2 0.099449653 186 32
E 0 2189 2 0.099453430 187 32
E 0 2190 2 0.099457127 188 32
E 0 2191 2 0.099461415 189 32
E 0 2192 2 0.099465112 190 32
E 0 2193 2 0.099468800 191 32
E 0 2194 2 0.099472487 192 32
E 0 2195 2 0.099476274 193 32
E 0 2196 2 0.099480011 194 32
E 0 2197 2 0.099483929 195 32
E 0 2198 2 0.099488427 196 32
E 0 2199 2 0.099492425 197 32
E 0 2200 2 0.099496122 198 32
E 0 2201 2 0.099499809 199 32
E 0 2202 2 0.099503496 200 32
E 0 2203 2 0.099507183 201 32
E 0 2204 2 0.099510870 202 32
E 0 2205 2 0.099514768 203 32
E 0 2206 2 0.099518485 204 32
E 0 2207 2 0.099522653 205 32
E 0 2208 2 0.099526761 206 32
E 0 2209 2 0.099530458 207 32
E 0 2210 2 0.099534145 208 32
E 0 2211 2 0.099537842 209 32
E 0 2212 2 0.099541529 210 32
E 0 2213 2 0.099545216 211 32
E 0 2214 2 0.099581566 212 32
E 0 2215 2 0.099590673 213 32
E 0 2216 2 0.099594831 214 32
E 0 2217 2 0.099599320 215 32
E 0 2218 2 0.099604530 216 32
E 0 2219 2 0.099609119 217 32
E 0 2220 2 0.099621532 218 32
E 0 2221 2 0.099627474 219 32
E 0 2222 2 0.099631862 220 32
E 0 2223 2 0.099636651 221 32
E 0 2224 2 0.099641190 222 32
E 0 2225 2 0.099645759 223 32
E 0 2226 2 0.099650277 224 32
E 0 2227 2 0.099654906 225 32
E 0 2228 2 0.099660106 226 32
E 0 2229 2 0.099664615 227 32
E 0 2230 2 0.099669144 228 32
E 0 2231 2 0.099674304 229 32
E 0 2232 2 0.099679774 230 32
E 0 2233 2 0.099685926 231 32
E 0 2234 2 0.099707627 232 32
E 0 2235 2 0.099712587 233 32
E 0 2236 2 0.099717607 234 32
E 0 2237 2 0.099723358 235 32
E 0 2238 2 0.099728067 236 32
E 0 2239 2 0.099733236 237 32
E 0 2240 2 0.099738477 238 32
E 0 2241 2 0.099742584 239 32
E 0 2242 2 0.099747033 240 32
E 0 2243 2 0.099750760 241 32
E 0 2244 2 0.099754437 242 32
E 0 2245 2 0.099758114 243 32
E 0 2246 2 0.099761801 244 32
E 0 2247 2 0.099765959 245 32
E 0 2248 2 0.099769636 246 32
E 0 2249 2 0.099773323 247 32
E 0 2250 2 0.099777010 248 32
E 0 2251 2 0.099781098 249 32
E 0 2252 2 0.099784765 250 32
E 0 2253 2 0.099789274 251 32
E 0 2254 2 0.099794424 252 32
E 0 2255 2 0.099799223 253 32
E 0 2256 2 0.099804022 254 32
E 0 2257 2 0.099809322 255 32
E 0 2258 2 0.099815103 256 32
E 0 2259 2 0.099820384 257 32
E 0 2260 2 0.099826014 258 32
E 0 2261 2 0.099831144 259 32
E 0 2262 2 0.099835513 260 32
E 0 2263 2 0.099839410 261 32
E 0 2264 2 0.099844590 262 32
E 0 2265 2 0.099853076 263 32
E 0 2266 2 0.099862284 264 32
E 0 2267 2 0.099867875 265 32
E 0 2268 2 0.099873115 266 32
E 0 2269 2 0.099878345 267 32
E 0 2270 2 0.099883755 268 32
E 0 2271 2 0.099891710 269 32
E 0 2272 2 0.099904515 270 32
E 0 2273 2 0.099913933 271 32
E 0 2274 2 0.099918542 272 32
E 0 2275 2 0.099922990 273 32
E 0 2276 2 0.099927809 274 32
E 0 2277 2 0.099934021 275 32
E 0 2278 2 0.099940354 276 32
E 0 2279 2 0.099945774 277 32
E 0 2280 2 0.099951445 278 32
E 0 2281 2 0.099957516 279 32
E 0 2282 2 0.099962686 280 32
E 0 2283 2 0.099967666 281 32
E 0 2284 2 0.099972585 282 32
E 0 2285 2 0.099978126 283 32
E 0 2286 2 0.099983887 284 32
E 0 2287 2 0.099989367 285 32
E 0 2288 2 0.099996451 286 32
E 0 2289 2 0.100002893 287 32
E 0 2290 2 0.100008194 288 32
E 0 2291 2 0.100015257 289 32
E 0 2292 2 0.100022010 290 32
E 0 2293 2 0.100027641 291 32
E 0 2294 2 0.100033091 292 32
E 0 2295 2 0.100037359 293 32
E 0 2296 2 0.100041658 294 32
E 0 2297 2 0.100045675 295 32
E 0 2298 2 0.100049663 296 32
E 0 2299 2 0.100054072 297 32
E 0 2300 2 0.100058410 298 32
E 0 2301 2 0.100062949 299 32
E 0 2302 2 0.100066926 300 32
E 0 2303 2 0.100070904 301 32
E 0 2304 2 0.100074901 302 32
E 0 2305 2 0.100078869 303 32
E 0 2306 2 0.100082857 304 32
E 0 2307 2 0.100086824 305 32
E 0 2308 2 0.100090872 306 32
E 0 2309 2 0.100094860 307 32
E 0 2310 2 0.100098857 308 32
E 0 2311 2 0.100102845 309 32
E 0 2312 2 0.100106833 310 32
E 0 2313 2 0.100110850 311 32
E 0 2314 2 0.100115349 312 32
E 0 2315 2 0.100121080 313 32
E 0 2316 2 0.100126981 314 32
E 0 2317 2 0.100132782 315 32
E 0 2318 2 0.100138433 316 32
E 0 2319 2 0.100142802 317 32
E 0 2320 2 0.100146849 318 32
E 0 2321 2 0.100150857 319 32
E 0 2322 2 0.100154885 320 32
E 0 2323 2 0.100158892 321 32
E 0 2324 2 0.100163010 322 32
E 0 2325 2 0.100167228 323 32
E 0 2326 2 0.100171236 324 32
E 0 2327 2 0.100175244 325 32
E 0 2328 2 0.100179262 326 32
E 0 2329 2 0.100183249 327 32
E 0 2330 2 0.100187257 328 32
E 0 2331 2 0.100191244 329 32
E 0 2332 2 0.100195292 330 32
E 0 2333 2 0.100199290 331 32
E 0 2334 2 0.100203288 332 32
E 0 2335 2 0.100207305 333 32
E 0 2336 2 0.100211323 334 32
E 0 2337 2 0.100215321 335 32
E 0 2338 2 0.100219318 336 32
E 0 2339 2 0.100223316 337 32
E 0 2340 2 0.100227674 338 32
E 0 2341 2 0.100231662 339 32
E 0 2342 2 0.100235660 340 32
E 0 2343 2 0.100239647 341 32
E 0 2344 2 0.100243915 342 32
E 0 2345 2 0.100247923 343 32
E 0 2346 2 0.100253113 344 32
E 0 2347 2 0.100257872 345 32
E 0 2348 2 0.100261860 346 32
E 0 2349 2 0.100265858 347 32
E 0 2350 2 0.100269855 348 32
E 0 2351 2 0.100273853 349 32
E 0 2352 2 0.100277901 350 32
E 0 2353 2 0.100281928 351 32
E 0 2354 2 0.100285946 352 32
E 0 2355 2 0.100289934 353 32
E 0 2356 2 0.100293941 354 32
E 0 2357 2 0.100297949 355 32
E 0 2358 2 0.100301947 356 32
E 0 2359 2 0.100305934 357 32
E 0 2360 2 0.100309922 358 32
E 0 2361 2 0.100314310 359 32
E 0 2362 2 0.100318328 360 32
E 0 2363 2 0.100322506 361 32
E 0 2364 2 0.100326584 362 32
E 0 2365 2 0.100330582 363 32
E 0 2366 2 0.100334589 364 32
E 0 2367 2 0.100338597 365 32
E 0 2368 2 0.100342595 366 32
E 0 2369 2 0.100346582 367 32
E 0 2370 2 0.100351161 368 32
E 0 2371 2 0.100389304 369 32
E 0 2372 2 0.100394865 370 32
E 0 2373 2 0.100398842 371 32
E 0 2374 2 0.100403401 372 32
E 0 2375 2 0.100408481 373 32
E 0 2376 2 0.100416677 374 32
E 0 2377 2 0.100428289 375 32
E 0 2378 2 0.100433589 376 32
E 0 2379 2 0.100438408 377 32
E 0 2380 2 0.100443338 378 32
E 0 2381 2 0.100448648 379 32
E 0 2382 2 0.100456042 380 32
E 0 2383 2 0.100460791 381 32
E 0 2384 2 0.100465801 382 32
E 0 2385 2 0.100471161 383 32
E 0 2386 2 0.100476080 384 32
E 0 2387 2 0.100481130 385 32
E 0 2388 2 0.100486831 386 32
E 0 2389 2 0.100501870 387 32
E 0 2390 2 0.100506469 388 32
E 0 2391 2 0.100510396 389 32
E 0 2392 2 0.100514123 390 32
E 0 2393 2 0.100518081 391 32
E 0 2394 2 0.100521778 392 32
E 0 2395 2 0.100525686 393 32
E 0 2396 2 0.100529403 394 32
E 0 2397 2 0.100533110 395 32
E 0 2398 2 0.100536807 396 32
E 0 2399 2 0.100540494 397 32
E 0 2400 2 0.100544191 398 32
E 0 2401 2 0.100547878 399 32
E 0 2402 2 0.100551645 400 32
E 0 2403 2 0.100555342 401 32
E 0 2404 2 0.100559040 402 32
E 0 2405 2 0.100562737 403 32
E 0 2406 2 0.100566464 404 32
E 0 2407 2 0.100570141 405 32
E 0 2408 2 0.100573838 406 32
E 0 2409 2 0.100577785 407 32
E 0 2410 2 0.100581843 408 32
E 0 2411 2 0.100585540 409 32
E 0 2412 2 0.100589237 410 32
E 0 2413 2 0.100592945 411 32
E 0 2414 2 0.100596662 412 32
E 0 2415 2 0.100601401 413 32
E 0 2416 2 0.100606541 414 32
E 0 2417 2 0.100611630 415 32
E 0 2418 2 0.100617021 416 32
E 0 2419 2 0.100621680 417 32
E 0 2420 2 0.100626629 418 32
E 0 2421 2 0.100631849 419 32
E 0 2422 2 0.100636989 420 32
E 0 2423 2 0.100641197 421 32
E 0 2424 2 0.100644934 422 32
E 0 2425 2 0.100648631 423 32
E 0 2426 2 0.100652348 424 32
E 0 2427 2 0.100656035 425 32
E 0 2428 2 0.100659743 426 32
E 0 2429 2 0.100663450 427 32
E 0 2430 2 0.100667157 428 32
E 0 2431 2 0.100670954 429 32
E 0 2432 2 0.100674651 430 32
E 0 2433 2 0.100678699 431 32
E 0 2434 2 0.100682396 432 32
E 0 2435 2 0.100686083 433 32
E 0 2436 2 0.100689770 434 32
E 0 2437 2 0.100693467 435 32
E 0 2438 2 0.100697174 436 32
E 0 2439 2 0.100700871 437 32
E 0 2440 2 0.100704869 438 32
E 0 2441 2 0.100708566 439 32
E 0 2442 2 0.100712253 440 32
E 0 2443 2 0.100715940 441 32
E 0 2444 2 0.100719647 442 32
E 0 2445 2 0.100723334 443 32
E 0 2446 2 0.100727062 444 32
E 0 2447 2 0.100730789 445 32
E 0 2448 2 0.100734496 446 32
E 0 2449 2 0.100738193 447 32
E 0 2450 2 0.100741880 448 32
E 0 2451 2 0.100745577 449 32
E 0 2452 2 0.100749264 450 32
E 0 2453 2 0.100752951 451 32
E 0 2454 2 0.100756648 452 32
E 0 2455 2 0.100760325 453 32
E 0 2456 2 0.100764383 454 32
E 0 2457 2 0.100768952 455 32
E 0 2458 2 0.100772659 456 32
E 0 2459 2 0.100776346 457 32
E 0 2460 2 0.100780033 458 32
E 0 2461 2 0.100783730 459 32
E 0 2462 2 0.100787437 460 32
E 0 2463 2 0.100791114 461 32
E 0 2464 2 0.100795523 462 32
E 0 2465 2 0.100799511 463 32
E 0 2466 2 0.100803208 464 32
E 0 2467 2 0.100806915 465 32
E 0 2468 2 0.100810612 466 32
E 0 2469 2 0.100814299 467 32
E 0 2470 2 0.100817996 468 32
E 0 2471 2 0.100821673 469 32
E 0 2472 2 0.100825370 470 32
E 0 2473 2 0.100829067 471 32
E 0 2474 2 0.100832774 472 32
E 0 2475 2 0.100836471 473 32
E 0 2476 2 0.100840158 474 32
E 0 2477 2 0.100843856 475 32
E 0 2478 2 0.100847563 476 32
E 0 2479 2 0.100851240 477 32
E 0 2480 2 0.100854947 478 32
E 0 2481 2 0.100858654 479 32
E 0 2482 2 0.100862351 480 32
E 0 2483 2 0.100866048 481 32
E 0 2484 2 0.100869745 482 32
E 0 2485 2 0.100873442 483 32
E 0 2486 2 0.100877139 484 32
E 0 2487 2 0.100880846 485 32
E 0 2488 2 0.100884554 486 32
E 0 2489 2 0.100888251 487 32
E 0 2490 2 0.100891958 488 32
E 0 2491 2 0.100895655 489 32
E 0 2492 2 0.100899793 490 32
E 0 2493 2 0.100903490 491 32
E 0 2494 2 0.100907187 492 32
E 0 2495 2 0.100910874 493 32
E 0 2496 2 0.100914591 494 32
E 0 2497 2 0.100918288 495 32
E 0 2498 2 0.100921985 496 32
E 0 2499 2 0.100925672 497 32
E 0 2500 2 0.100929369 498 32
E 0 2501 2 0.100933067 499 32
E 0 2502 2 0.100936744 500 32
E 0 2503 2 0.100940551 501 32
E 0 2504 2 0.100944238 502 32
E 0 2505 2 0.100947945 503 32
E 0 2506 2 0.100952694 504 32
E 0 2507 2 0.100970478 505 32
E 0 2508 2 0.100975668 506 32
E 0 2509 2 0.100979686 507 32
E 0 2510 2 0.100983704 508 32
E 0 2511 2 0.100987441 509 32
E 0 2512 2 0.100991148 510 32
E 0 2513 2 0.100994845 511 32
E 0 2514 2 0.100998542 512 32
E 0 2515 2 0.101002409 513 32
E 0 2516 2 0.101006097 514 32
E 0 2517 2 0.101009804 515 32
E 0 2518 2 0.101013501 516 32
E 0 2519 2 0.101017198 517 32
E 0 2520 2 0.101020895 518 32
E 0 2521 2 0.101024602 519 32
E 0 2522 2 0.101028600 520 32
E 0 2523 2 0.101032297 521 32
E 0 2524 2 0.101035994 522 32
E 0 2525 2 0.101039691 523 32
E 0 2526 2 0.101043388 524 32
E 0 2527 2 0.101047085 525 32
E 0 2528 2 0.101050812 526 32
E 0 2529 2 0.101054509 527 32
E 0 2530 2 0.101058236 528 32
E 0 2531 2 0.101062294 529 32
E 0 2532 2 0.101065991 530 32
E 0 2533 2 0.101069688 531 32
E 0 2534 2 0.101073396 532 32
E 0 2535 2 0.101077083 533 32
E 0 2536 2 0.101081201 534 32
E 0 2537 2 0.101085258 535 32
E 0 2538 2 0.101088955 536 32
E 0 2539 2 0.101092662 537 32
E 0 2540 2 0.101097642 538 32
E 0 2541 2 0.101102812 539 32
E 0 2542 2 0.101107401 540 32
E 0 2543 2 0.101112681 541 32
E 0 2544 2 0.101118211 542 32
E 0 2545 2 0.101122530 543 32
E 0 2546 2 0.101126487 544 32
E 0 2547 2 0.101130555 545 32
E 0 2548 2 0.101134262 546 32
E 0 2549 2 0.101137969 547 32
E 0 2550 2 0.101141636 548 32
E 0 2551 2 0.101145333 549 32
E 0 2552 2 0.101149021 550 32
E 0 2553 2 0.101152738 551 32
E 0 2554 2 0.101156846 552 32
E 0 2555 2 0.101160533 553 32
E 0 2556 2 0.101164220 554 32
E 0 2557 2 0.101167907 555 32
E 0 2558 2 0.101171584 556 32
E 0 2559 2 0.101175281 557 32
E 0 2560 2 0.101178978 558 32
E 0 2561 2 0.101182675 559 32
E 0 2562 2 0.101186392 560 32
E 0 2563 2 0.101190089 561 32
E 0 2564 2 0.101193776 562 32
E 0 2565 2 0.101197473 563 32
E 0 2566 2 0.101201321 564 32
E 0 2567 2 0.101206140 565 32
E 0 2568 2 0.101209937 566 32
E 0 2569 2 0.101214155 567 32
E 0 2570 2 0.101217862 568 32
E 0 2571 2 0.101221570 569 32
E 0 2572 2 0.101225257 570 32
E 0 2573 2 0.101228944 571 32
E 0 2574 2 0.101232661 572 32
E 0 2575 2 0.101236348 573 32
E 0 2576 2 0.101240055 574 32
E 0 2577 2 0.101243742 575 32
E 0 2578 2 0.101247439 576 32
E 0 2579 2 0.101251577 577 32
E 0 2580 2 0.101255344 578 32
E 0 2581 2 0.101259041 579 32
E 0 2582 2 0.101262739 580 32
E 0 2583 2 0.101266426 581 32
E 0 2584 2 0.101270123 582 32
E 0 2585 2 0.101273820 583 32
E 0 2586 2 0.101277737 584 32
E 0 2587 2 0.101281414 585 32
E 0 2588 2 0.101285282 586 32
E 0 2589 2 0.101288969 587 32
E 0 2590 2 0.101292886 588 32
E 0 2591 2 0.101296573 589 32
E 0 2592 2 0.101300260 590 32
E 0 2593 2 0.101303948 591 32
E 0 2594 2 0.101307645 592 32
E 0 2595 2 0.101311342 593 32
E 0 2596 2 0.101315029 594 32
E 0 2597 2 0.101318716 595 32
E 0 2598 2 0.101322413 596 32
E 0 2599 2 0.101326100 597 32
E 0 2600 2 0.101329797 598 32
E 0 2601 2 0.101333484 599 32
E 0 2602 2 0.101337171 600 32
E 0 2603 2 0.101340858 601 32
E 0 2604 2 0.101352160 602 32
E 0 2605 2 0.101356057 603 32
E 0 2606 2 0.101359915 604 32
E 0 2607 2 0.101363612 605 32
E 0 2608 2 0.101367409 606 32
E 0 2609 2 0.101371106 607 32
E 0 2610 2 0.101375034 608 32
E 0 2611 2 0.101379222 609 32
E 0 2612 2 0.101382909 610 32
E 0 2613 2 0.101386596 611 32
E 0 2614 2 0.101390283 612 32
E 0 2615 2 0.101393970 613 32
E 0 2616 2 0.101397687 614 32
E 0 2617 2 0.101401364 615 32
E 0 2618 2 0.101405061 616 32
E 0 2619 2 0.101408758 617 32
E 0 2620 2 0.101412446 618 32
E 0 2621 2 0.101416143 619 32
E 0 2622 2 0.101419830 620 32
E 0 2623 2 0.101424699 621 32
E 0 2624 2 0.101429648 622 32
E 0 2625 2 0.101440088 623 32
E 0 2626 2 0.101449186 624 32
E 0 2627 2 0.101454135 625 32
E 0 2628 2 0.101459015 626 32
E 0 2629 2 0.101463433 627 32
E 0 2630 2 0.101467812 628 32
E 0 2631 2 0.101472130 629 32
E 0 2632 2 0.101478222 630 32
E 0 2633 2 0.101482961 631 32
E 0 2634 2 0.101487409 632 32
E 0 2635 2 0.101492238 633 32
E 0 2636 2 0.101496857 634 32
E 0 2637 2 0.101502468 635 32
E 0 2638 2 0.101507147 636 32
E 0 2639 2 0.101511746 637 32
E 0 2640 2 0.101515854 638 32
E 0 2641 2 0.101520503 639 32
E 0 2642 2 0.101525011 640 32
E 0 2643 2 0.101529670 641 32
E 0 2644 2 0.101555369 642 32
E 0 2645 2 0.101876184 643 32
E 0 2646 2 0.101892927 644 32
E 0 2647 2 0.101898968 645 32
E 0 2648 2 0.101904489 646 32
E 0 2649 2 0.101909939 647 32
E 0 2650 2 0.101914869 648 32
E 0 2651 2 0.101920019 649 32
E 0 2652 2 0.101925609 650 32
E 0 2653 2 0.101931430 651 32
E 0 2654 2 0.101936811 652 32
E 0 2655 2 0.101943003 653 32
E 0 2656 2 0.101948964 654 32
E 0 2657 2 0.101954064 655 32
E 0 2658 2 0.101960055 656 32
E 0 2659 2 0.101965125 657 32
E 0 2660 2 0.101969614 658 32
E 0 2661 2 0.101974182 659 32
E 0 2662 2 0.101978581 660 32
E 0 2663 2 0.101983751 661 32
E 0 2664 2 0.101988680 662 32
E 0 2665 2 0.101994481 663 32
E 0 2666 2 0.102001625 664 32
E 0 2667 2 0.102015882 665 32
E 0 2668 2 0.102023858 666 32
E 0 2669 2 0.102032073 667 32
E 0 2670 2 0.102038816 668 32
E 0 2671 2 0.102045559 669 32
E 0 2672 2 0.102050198 670 32
E 0 2673 2 0.102055759 671 32
E 0 2674 2 0.102061059 672 32
E 0 2675 2 0.102065698 673 32
E 0 2676 2 0.102070216 674 32
E 0 2677 2 0.102074765 675 32
E 0 2678 2 0.102079274 676 32
E 0 2679 2 0.102083823 677 32
E 0 2680 2 0.102088872 678 32
E 0 2681 2 0.102093792 679 32
E 0 2682 2 0.102099352 680 32
E 0 2683 2 0.102103801 681 32
E 0 2684 2 0.102108099 682 32
E 0 2685 2 0.102112928 683 32
E 0 2686 2 0.102117647 684 32
E 0 2687 2 0.102122417 685 32
E 0 2688 2 0.102127887 686 32
E 0 2689 2 0.102133187 687 32
E 0 2690 2 0.102138036 688 32
E 0 2691 2 0.102143627 689 32
E 0 2692 2 0.102149458 690 32
E 0 2693 2 0.102154668 691 32
E 0 2694 2 0.102159217 692 32
E 0 2695 2 0.102163545 693 32
E 0 2696 2 0.102168104 694 32
E 0 2697 2 0.102172903 695 32
E 0 2698 2 0.102177372 696 32
E 0 2699 2 0.102181901 697 32
E 0 2700 2 0.102186890 698 32
E 0 2701 2 0.102191800 699 32
E 0 2702 2 0.102196539 700 32
E 0 2703 2 0.102201839 701 32
E 0 2704 2 0.102206738 702 32
E 0 2705 2 0.102210776 703 32
E 0 2706 2 0.102214784 704 32
E 0 2707 2 0.102218511 705 32
E 0 2708 2 0.102222188 706 32
E 0 2709 2 0.102225855 707 32
E 0 2710 2 0.102229532 708 32
E 0 2711 2 0.102233219 709 32
E 0 2712 2 0.102236896 710 32
E 0 2713 2 0.102240803 711 32
E 0 2714 2 0.102244491 712 32
E 0 2715 2 0.102248168 713 32
E 0 2716 2 0.102251845 714 32
E 0 2717 2 0.102255522 715 32
E 0 2718 2 0.102259189 716 32
E 0 2719 2 0.102262876 717 32
E 0 2720 2 0.102266533 718 32
E 0 2721 2 0.102270230 719 32
E 0 2722 2 0.102273927 720 32
E 0 2723 2 0.102277604 721 32
E 0 2724 2 0.102281291 722 32
E 0 2725 2 0.102284958 723 32
E 0 2726 2 0.102288635 724 32
E 0 2727 2 0.102292322 725 32
E 0 2728 2 0.102295999 726 32
E 0 2729 2 0.102299676 727 32
E 0 2730 2 0.102303363 728 32
E 0 2731 2 0.102307040 729 32
E 0 2732 2 0.102310727 730 32
E 0 2733 2 0.102314405 731 32
E 0 2734 2 0.102318082 732 32
E 0 2735 2 0.102321759 733 32
E 0 2736 2 0.102325436 734 32
E 0 2737 2 0.102329113 735 32
E 0 2738 2 0.102332770 736 32
E 0 2739 2 0.102336457 737 32
E 0 2740 2 0.102340144 738 32
E 0 2741 2 0.102343821 739 32
E 0 2742 2 0.102347498 740 32
E 0 2743 2 0.102351165 741 32
E 0 2744 2 0.102354852 742 32
E 0 2745 2 0.102358529 743 32
E 0 2746 2 0.102362306 744 32
E 0 2747 2 0.102365963 745 32
E 0 2748 2 0.102369650 746 32
E 0 2749 2 0.102373327 747 32
E 0 2750 2 0.102377005 748 32
E 0 2751 2 0.102380692 749 32
E 0 2752 2 0.102384369 750 32
E 0 2753 2 0.102388046 751 32
E 0 2754 2 0.102391723 752 32
E 0 2755 2 0.102395410 753 32
E 0 2756 2 0.102399087 754 32
E 0 2757 2 0.102402754 755 32
E 0 2758 2 0.102406441 756 32
E 0 2759 2 0.102410118 757 32
E 0 2760 2 0.102413795 758 32
E 0 2761 2 0.102417462 759 32
E 0 2762 2 0.102421149 760 32
E 0 2763 2 0.102424816 761 32
E 0 2764 2 0.102428523 762 32
E 0 2765 2 0.102432200 763 32
E 0 2766 2 0.102472688 764 32
E 0 2767 2 0.102479391 765 32
E 0 2768 2 0.102483479 766 32
E 0 2769 2 0.102487146 767 32
E 0 2770 2 0.102490843 768 32
E 0 2771 2 0.102494520 769 32
E 0 2772 2 0.102498187 770 32
E 0 2773 2 0.102501854 771 32
E 0 2774 2 0.102505531 772 32
E 0 2775 2 0.102509198 773 32
E 0 2776 2 0.102512895 774 32
E 0 2777 2 0.102516562 775 32
E 0 2778 2 0.102520239 776 32
E 0 2779 2 0.102523926 777 32
E 0 2780 2 0.102547191 778 32
E 0 2781 2 0.102550958 779 32
E 0 2782 2 0.102554655 780 32
E 0 2783 2 0.102558342 781 32
E 0 2784 2 0.102562029 782 32
E 0 2785 2 0.102565716 783 32
E 0 2786 2 0.102569423 784 32
E 0 2787 2 0.102573131 785 32
E 0 2788 2 0.102576788 786 32
E 0 2789 2 0.102580485 787 32
E 0 2790 2 0.102584172 788 32
E 0 2791 2 0.102587859 789 32
E 0 2792 2 0.102591536 790 32
E 0 2793 2 0.102595223 791 32
E 0 2794 2 0.102598900 792 32
E 0 2795 2 0.102602597 793 32
E 0 2796 2 0.102606284 794 32
E 0 2797 2 0.102609971 795 32
E 0 2798 2 0.102613658 796 32
E 0 2799 2 0.102617345 797 32
E 0 2800 2 0.102621032 798 32
E 0 2801 2 0.102624719 799 32
E 0 2802 2 0.102628376 800 32
E 0 2803 2 0.102632063 801 32
E 0 2804 2 0.102635751 802 32
E 0 2805 2 0.102639438 803 32
E 0 2806 2 0.102643135 804 32
E 0 2807 2 0.102646812 805 32
E 0 2808 2 0.102650509 806 32
E 0 2809 2 0.102654196 807 32
E 0 2810 2 0.102657863 808 32
E 0 2811 2 0.102661560 809 32
E 0 2812 2 0.102665247 810 32
E 0 2813 2 0.102668934 811 32
E 0 2814 2 0.102672611 812 32
E 0 2815 2 0.102676288 813 32
E 0 2816 2 0.102679975 814 32
E 0 2817 2 0.102683662 815 32
E 0 2818 2 0.102687339 816 32
E 0 2819 2 0.102691006 817 32
E 0 2820 2 0.102699092 818 32
E 0 2821 2 0.102702789 819 32
E 0 2822 2 0.102706466 820 32
E 0 2823 2 0.102710153 821 32
E 0 2824 2 0.102713830 822 32
E 0 2825 2 0.102717527 823 32
E 0 2826 2 0.102721184 824 32
E 0 2827 2 0.102724871 825 32
E 0 2828 2 0.102728558 826 32
E 0 2829 2 0.102732236 827 32
E 0 2830 2 0.102735923 828 32
E 0 2831 2 0.102739600 829 32
E 0 2832 2 0.102743277 830 32
E 0 2833 2 0.102746964 831 32
E 0 2834 2 0.102750681 832 32
E 0 2835 2 0.102754368 833 32
E 0 2836 2 0.102758045 834 32
E 0 2837 2 0.102761782 835 32
E 0 2838 2 0.102765469 836 32
E 0 2839 2 0.102769146 837 32
E 0 2840 2 0.102772833 838 32
E 0 2841 2 0.102776510 839 32
E 0 2842 2 0.102780238 840 32
E 0 2843 2 0.102783885 841 32
E 0 2844 2 0.102787572 842 32
E 0 2845 2 0.102791249 843 32
E 0 2846 2 0.102794946 844 32
E 0 2847 2 0.102798623 845 32
E 0 2848 2 0.102802320 846 32
E 0 2849 2 0.102805997 847 32
E 0 2850 2 0.102809664 848 32
E 0 2851 2 0.102813371 849 32
E 0 2852 2 0.102817048 850 32
E 0 2853 2 0.102820725 851 32
E 0 2854 2 0.102824402 852 32
E 0 2855 2 0.102828089 853 32
E 0 2856 2 0.102831776 854 32
E 0 2857 2 0.102835433 855 32
E 0 2858 2 0.102839110 856 32
E 0 2859 2 0.102842807 857 32
E 0 2860 2 0.102846485 858 32
E 0 2861 2 0.102850172 859 32
E 0 2862 2 0.102853849 860 32
E 0 2863 2 0.102857716 861 32
E 0 2864 2 0.102861393 862 32
E 0 2865 2 0.102865080 863 32
E 0 2866 2 0.102868777 864 32
E 0 2867 2 0.102872464 865 32
E 0 2868 2 0.102876151 866 32
E 0 2869 2 0.102879838 867 32
E 0 2870 2 0.102883536 868 32
E 0 2871 2 0.102887223 869 32
E 0 2872 2 0.102890910 870 32
E 0 2873 2 0.102894587 871 32
E 0 2874 2 0.102898274 872 32
E 0 2875 2 0.102901961 873 32
E 0 2876 2 0.102905638 874 32
E 0 2877 2 0.102909315 875 32
E 0 2878 2 0.102913002 876 32
E 0 2879 2 0.102916679 877 32
E 0 2880 2 0.102920376 878 32
E 0 2881 2 0.102924063 879 32
E 0 2882 2 0.102927750 880 32
E 0 2883 2 0.102931427 881 32
E 0 2884 2 0.102935114 882 32
E 0 2885 2 0.102938802 883 32
E 0 2886 2 0.102942479 884 32
E 0 2887 2 0.102946166 885 32
E 0 2888 2 0.102949853 886 32
E 0 2889 2 0.102953520 887 32
E 0 2890 2 0.102957217 888 32
E 0 2891 2 0.102960904 889 32
E 0 2892 2 0.102964591 890 32
E 0 2893 2 0.102968268 891 32
E 0 2894 2 0.102971955 892 32
E 0 2895 2 0.102975632 893 32
E 0 2896 2 0.102979299 894 32
E 0 2897 2 0.102982996 895 32
E 0 2898 2 0.102986683 896 32
E 0 2899 2 0.102990380 897 32
E 0 2900 2 0.102994067 898 32
E 0 2901 2 0.102997755 899 32
E 0 2902 2 0.103001522 900 32
E 0 2903 2 0.103005179 901 32
E 0 2904 2 0.103008886 902 32
E 0 2905 2 0.103012573 903 32
E 0 2906 2 0.103016270 904 32
E 0 2907 2 0.103019967 905 32
E 0 2908 2 0.103023654 906 32
E 0 2909 2 0.103027331 907 32
E 0 2910 2 0.103031028 908 32
E 0 2911 2 0.103034705 909 32
E 0 2912 2 0.103038402 910 32
E 0 2913 2 0.103042100 911 32
E 0 2914 2 0.103046398 912 32
E 0 2915 2 0.103051558 913 32
E 0 2916 2 0.103056096 914 32
E 0 2917 2 0.103076375 915 32
E 0 2918 2 0.103081976 916 32
E 0 2919 2 0.103086455 917 32
E 0 2920 2 0.103092466 918 32
E 0 2921 2 0.103097015 919 32
E 0 2922 2 0.103103026 920 32
E 0 2923 2 0.103107896 921 32
E 0 2924 2 0.103114098 922 32
E 0 2925 2 0.103120019 923 32
E 0 2926 2 0.103124237 924 32
E 0 2927 2 0.103129176 925 32
E 0 2928 2 0.103134487 926 32
E 0 2929 2 0.103139436 927 32
E 0 2930 2 0.103143825 928 32
E 0 2931 2 0.103147862 929 32
E 0 2932 2 0.103151559 930 32
E 0 2933 2 0.103155226 931 32
E 0 2934 2 0.103158903 932 32
E 0 2935 2 0.103162550 933 32
E 0 2936 2 0.103166248 934 32
E 0 2937 2 0.103169925 935 32
E 0 2938 2 0.103173602 936 32
E 0 2939 2 0.103177279 937 32
E 0 2940 2 0.103180946 938 32
E 0 2941 2 0.103184603 939 32
E 0 2942 2 0.103188300 940 32
E 0 2943 2 0.103191977 941 32
E 0 2944 2 0.103195664 942 32
E 0 2945 2 0.103199341 943 32
E 0 2946 2 0.103203018 944 32
E 0 2947 2 0.103206705 945 32
E 0 2948 2 0.103210362 946 32
E 0 2949 2 0.103214039 947 32
E 0 2950 2 0.103217726 948 32
E 0 2951 2 0.103221403 949 32
E 0 2952 2 0.103225090 950 32
E 0 2953 2 0.103228767 951 32
E 0 2954 2 0.103232454 952 32
E 0 2955 2 0.103236152 953 32
E 0 2956 2 0.103239839 954 32
E 0 2957 2 0.103243506 955 32
E 0 2958 2 0.103247183 956 32
E 0 2959 2 0.103250860 957 32
E 0 2960 2 0.103254537 958 32
E 0 2961 2 0.103258214 959 32
E 0 2962 2 0.103261891 960 32
E 0 2963 2 0.103265578 961 32
E 0 2964 2 0.103269245 962 32
E 0 2965 2 0.103272912 963 32
E 0 2966 2 0.103276579 964 32
E 0 2967 2 0.103280246 965 32
E 0 2968 2 0.103283893 966 32
E 0 2969 2 0.103287580 967 32
E 0 2970 2 0.103291838 968 32
E 0 2971 2 0.103296457 969 32
E 0 2972 2 0.103301076 970 32
E 0 2973 2 0.103304973 971 32
E 0 2974 2 0.103308651 972 32
E 0 2975 2 0.103312358 973 32
E 0 2976 2 0.103316055 974 32
E 0 2977 2 0.103319742 975 32
E 0 2978 2 0.103323439 976 32
E 0 2979 2 0.103327136 977 32
E 0 2980 2 0.103330813 978 32
E 0 2981 2 0.103334470 979 32
E 0 2982 2 0.103338187 980 32
E 0 2983 2 0.103341874 981 32
E 0 2984 2 0.103345571 982 32
E 0 2985 2 0.103349258 983 32
E 0 2986 2 0.103352945 984 32
E 0 2987 2 0.103356632 985 32
E 0 2988 2 0.103360340 986 32
E 0 2989 2 0.103364027 987 32
E 0 2990 2 0.103389646 988 32
E 0 2991 2 0.103399505 989 32
E 0 2992 2 0.103403623 990 32
E 0 2993 2 0.103407500 991 32
E 0 2994 2 0.103411438 992 32
E 0 2995 2 0.103415255 993 32
E 0 2996 2 0.103418972 994 32
E 0 2997 2 0.103422689 995 32
E 0 2998 2 0.103426406 996 32
E 0 2999 2 0.103430103 997 32
E 0 3000 2 0.103433861 998 32
E 0 3001 2 0.103437598 999 32
F 3002 43607.007519368 0.103573909
