I 1 43651.318798453
E 0 2 0 0.025124243 0 32
E 0 3 0 0.025139050 1 32
E 0 4 0 0.025143178 2 32
E 0 5 0 0.025147035 3 32
E 0 6 0 0.025150802 4 32
E 0 7 0 0.025154559 5 32
E 0 8 0 0.025158226 6 32
E 0 9 0 0.025161843 7 32
E 0 10 0 0.025165420 8 32
E 0 11 0 0.025169026 9 32
E 0 12 0 0.025172613 10 32
E 0 13 0 0.025176200 11 32
E 0 14 0 0.025180057 12 32
E 0 15 0 0.025183774 13 32
E 0 16 0 0.025187411 14 32
E 0 17 0 0.025190957 15 32
E 0 18 0 0.025194494 16 32
E 0 19 0 0.025198031 17 32
E 0 20 0 0.025201567 18 32
E 0 21 0 0.025205094 19 32
E 0 22 0 0.025208630 20 32
E 0 23 0 0.025212167 21 32
E 0 24 0 0.025215704 22 32
E 0 25 0 0.025219240 23 32
E 0 26 0 0.025222777 24 32
E 0 27 0 0.025226314 25 32
E 0 28 0 0.025229860 26 32
E 0 29 0 0.025233407 27 32
E 0 30 0 0.025236943 28 32
E 0 31 0 0.025240480 29 32
E 0 32 0 0.025244017 30 32
E 0 33 0 0.025247563 31 32
E 0 34 0 0.025251100 32 32
E 0 35 0 0.025254636 33 32
E 0 36 0 0.025258173 34 32
E 0 37 0 0.025261710 35 32
E 0 38 0 0.025265246 36 32
E 0 39 0 0.025268783 37 32
E 0 40 0 0.025272380 38 32
E 0 41 0 0.025275996 39 32
E 0 42 0 0.025279543 40 32
E 0 43 0 0.025283080 41 32
E 0 44 0 0.025286616 42 32
E 0 45 0 0.025290153 43 32
E 0 46 0 0.025293690 44 32
E 0 47 0 0.025297226 45 32
E 0 48 0 0.025300843 46 32
E 0 49 0 0.025304450 47 32
E 0 50 0 0.025308006 48 32
E 0 51 0 0.025311533 49 32
E 0 52 0 0.025315069 50 32
E 0 53 0 0.025318606 51 32
E 0 54 0 0.025322153 52 32
E 0 55 0 0.025325689 53 32
E 0 56 0 0.025329226 54 32
E 0 57 0 0.025332803 55 32
E 0 58 0 0.025336409 56 32
E 0 59 0 0.025339946 57 32
E 0 60 0 0.025343483 58 32
E 0 61 0 0.025347019 59 32
E 0 62 0 0.025350546 60 32
E 0 63 0 0.025354082 61 32
E 0 64 0 0.025357619 62 32
E 0 65 0 0.025361186 63 32
E 0 66 0 0.025364792 64 32
E 0 67 0 0.025368329 65 32
E 0 68 0 0.025371866 66 32
E 0 69 0 0.025375402 67 32
E 0 70 0 0.025378939 68 32
E 0 71 0 0.025382466 69 32
E 0 72 0 0.025386002 70 32
E 0 73 0 0.025389669 71 32
E 0 74 0 0.025393296 72 32
E 0 75 0 0.025396882 73 32
E 0 76 0 0.025400439 74 32
E 0 77 0 0.025403976 75 32
E 0 78 0 0.025407512 76 32
E 0 79 0 0.025411039 77 32
E 0 80 0 0.025414576 78 32
E 0 81 0 0.025418112 79 32
E 0 82 0 0.025421649 80 32
E 0 83 0 0.025425185 81 32
E 0 84 0 0.025428722 82 32
E 0 85 0 0.025432259 83 32
E 0 86 0 0.025435795 84 32
E 0 87 0 0.025439332 85 32
E 0 88 0 0.025442868 86 32
E 0 89 0 0.025446405 87 32
E 0 90 0 0.025449952 88 32
E 0 91 0 0.025453478 89 32
E 0 92 0 0.025457015 90 32
E 0 93 0 0.025460552 91 32
E 0 94 0 0.025464088 92 32
E 0 95 0 0.025467625 93 32
E 0 96 0 0.025471161 94 32
E 0 97 0 0.025474698 95 32
E 0 98 0 0.025478295 96 32
E 0 99 0 0.025482683 97 32
E 0 100 0 0.025487051 98 32
E 0 101 0 0.025491409 99 32
E 0 102 0 0.025495787 100 32
E 0 103 0 0.025500186 101 32
E 0 104 0 0.025504013 102 32
E 0 105 0 0.025507519 103 32
E 0 106 0 0.025511036 104 32
E 0 107 0 0.025514522 105 32
E 0 108 0 0.025518019 106 32
E 0 109 0 0.025521506 107 32
E 0 110 0 0.025525012 108 32
E 0 111 0 0.025528499 109 32
E 0 112 0 0.025532005 110 32
E 0 113 0 0.025535512 111 32
E 0 114 0 0.025539018 112 32
E 0 115 0 0.025542525 113 32
E 0 116 0 0.025546081 114 32
E 0 117 0 0.025549638 115 32
E 0 118 0 0.025553135 116 32
E 0 119 0 0.025556641 117 32
E 0 120 0 0.025560148 118 32
E 0 121 0 0.025563644 119 32
E 0 122 0 0.025567131 120 32
E 0 123 0 0.025570627 121 32
E 0 124 0 0.025574134 122 32
E 0 125 0 0.025577630 123 32
E 0 126 0 0.025581117 124 32
E 0 127 0 0.025584614 125 32
E 0 128 0 0.025588260 126 32
E 0 129 0 0.025591847 127 32
E 0 130 0 0.025595394 128 32
E 0 131 0 0.025598900 129 32
E 0 132 0 0.025602397 130 32
E 0 133 0 0.025605883 131 32
E 0 134 0 0.025609370 132 32
E 0 135 0 0.025612866 133 32
E 0 136 0 0.025616343 134 32
E 0 137 0 0.025619839 135 32
E 0 138 0 0.025623336 136 32
E 0 139 0 0.025626822 137 32
E 0 140 0 0.025630319 138 32
E 0 141 0 0.025633806 139 32
E 0 142 0 0.025637292 140 32
E 0 143 0 0.025640799 141 32
E 0 144 0 0.025644285 142 32
E 0 145 0 0.025647782 143 32
E 0 146 0 0.025651268 144 32
E 0 147 0 0.025654765 145 32
E 0 148 0 0.025658261 146 32
E 0 149 0 0.025661758 147 32
E 0 150 0 0.025665254 148 32
E 0 151 0 0.025693607 149 32
E 0 152 0 0.025697314 150 32
E 0 153 0 0.025700871 151 32
E 0 154 0 0.025704398 152 32
E 0 155 0 0.025707904 153 32
E 0 156 0 0.025711421 154 32
E 0 157 0 0.025714937 155 32
E 0 158 0 0.025718494 156 32
E 0 159 0 0.025722061 157 32
E 0 160 0 0.025725577 158 32
E 0 161 0 0.025729074 159 32
E 0 162 0 0.025732570 160 32
E 0 163 0 0.025736067 161 32
E 0 164 0 0.025739553 162 32
E 0 165 0 0.025743040 163 32
E 0 166 0 0.025746526 164 32
E 0 167 0 0.025750013 165 32
E 0 168 0 0.025753499 166 32
E 0 169 0 0.025756996 167 32
E 0 170 0 0.025760482 168 32
E 0 171 0 0.025763979 169 32
E 0 172 0 0.025767475 170 32
E 0 173 0 0.025770962 171 32
E 0 174 0 0.025774449 172 32
E 0 175 0 0.025777945 173 32
E 0 176 0 0.025781432 174 32
E 0 177 0 0.025784928 175 32
E 0 178 0 0.025788425 176 32
E 0 179 0 0.025791951 177 32
E 0 180 0 0.025795508 178 32
E 0 181 0 0.025799014 179 32
E 0 182 0 0.025802511 180 32
E 0 183 0 0.025806008 181 32
E 0 184 0 0.025809504 182 32
E 0 185 0 0.025812991 183 32
E 0 186 0 0.025816487 184 32
E 0 187 0 0.025819984 185 32
E 0 188 0 0.025823480 186 32
E 0 189 0 0.025826967 187 32
E 0 190 0 0.025830463 188 32
E 0 191 0 0.025833990 189 32
E 0 192 0 0.025837547 190 32
E 0 193 0 0.025841063 191 32
E 0 194 0 0.025844560 192 32
E 0 195 0 0.025848046 193 32
E 0 196 0 0.025851543 194 32
E 0 197 0 0.025855039 195 32
E 0 198 0 0.025858526 196 32
E 0 199 0 0.025862022 197 32
E 0 200 0 0.025865519 198 32
E 0 201 0 0.025869015 199 32
E 0 202 0 0.025872512 200 32
E 0 203 0 0.025876169 201 32
E 0 204 0 0.025879695 202 32
E 0 205 0 0.025883252 203 32
E 0 206 0 0.025886769 204 32
E 0 207 0 0.025890275 205 32
E 0 208 0 0.025893772 206 32
E 0 209 0 0.025897268 207 32
E 0 210 0 0.025900775 208 32
E 0 211 0 0.025904261 209 32
E 0 212 0 0.025907758 210 32
E 0 213 0 0.025911254 211 32
E 0 214 0 0.025914751 212 32
E 0 215 0 0.025918237 213 32
E 0 216 0 0.025921744 214 32
E 0 217 0 0.025925240 215 32
E 0 218 0 0.025928737 216 32
E 0 219 0 0.025932234 217 32
E 0 220 0 0.025935730 218 32
E 0 221 0 0.025945158 219 32
E 0 222 0 0.025948734 220 32
E 0 223 0 0.025952251 221 32
E 0 224 0 0.025955758 222 32
E 0 225 0 0.025959284 223 32
E 0 226 0 0.025962841 224 32
E 0 227 0 0.025966397 225 32
E 0 228 0 0.025969914 226 32
E 0 229 0 0.025973431 227 32
E 0 230 0 0.025976927 228 32
E 0 231 0 0.025980444 229 32
E 0 232 0 0.025983930 230 32
E 0 233 0 0.025987447 231 32
E 0 234 0 0.025990943 232 32
E 0 235 0 0.025994440 233 32
E 0 236 0 0.025997946 234 32
E 0 237 0 0.026001453 235 32
E 0 238 0 0.026005080 236 32
E 0 239 0 0.026009298 237 32
E 0 240 0 0.026012894 238 32
E 0 241 0 0.026016421 239 32
E 0 242 0 0.026019938 240 32
E 0 243 0 0.026023444 241 32
E 0 244 0 0.026026951 242 32
E 0 245 0 0.026030447 243 32
E 0 246 0 0.026033944 244 32
E 0 247 0 0.026037450 245 32
E 0 248 0 0.026040947 246 32
E 0 249 0 0.026044463 247 32
E 0 250 0 0.026047970 248 32
E 0 251 0 0.026051497 249 32
E 0 252 0 0.026055003 250 32
E 0 253 0 0.026058510 251 32
E 0 254 0 0.026062016 252 32
E 0 255 0 0.026065523 253 32
E 0 256 0 0.026069019 254 32
E 0 257 0 0.026072526 255 32
E 0 258 0 0.026076032 256 32
E 0 259 0 0.026079529 257 32
E 0 260 0 0.026083036 258 32
E 0 261 0 0.026086542 259 32
E 0 262 0 0.026090169 260 32
E 0 263 0 0.026093776 261 32
E 0 264 0 0.026097352 262 32
E 0 265 0 0.026100869 263 32
E 0 266 0 0.026104375 264 32
E 0 267 0 0.026107882 265 32
E 0 268 0 0.026111389 266 32
E 0 269 0 0.026114895 267 32
E 0 270 0 0.026118392 268 32
E 0 271 0 0.026121898 269 32
E 0 272 0 0.026125405 270 32
E 0 273 0 0.026128901 271 32
E 0 274 0 0.026132408 272 32
E 0 275 0 0.026135904 273 32
E 0 276 0 0.026139411 274 32
E 0 277 0 0.026142918 275 32
E 0 278 0 0.026146414 276 32
E 0 279 0 0.026149931 277 32
E 0 280 0 0.026153437 278 32
E 0 281 0 0.026156944 279 32
E 0 282 0 0.026160440 280 32
E 0 283 0 0.026163937 281 32
E 0 284 0 0.026167443 282 32
E 0 285 0 0.026170950 283 32
E 0 286 0 0.026174457 284 32
E 0 287 0 0.026178003 285 32
E 0 288 0 0.026181550 286 32
E 0 289 0 0.026185066 287 32
E 0 290 0 0.026188573 288 32
E 0 291 0 0.026192059 289 32
E 0 292 0 0.026202409 290 32
E 0 293 0 0.026206016 291 32
E 0 294 0 0.026209542 292 32
E 0 295 0 0.026213059 293 32
E 0 296 0 0.026216565 294 32
E 0 297 0 0.026220202 295 32
E 0 298 0 0.026223749 296 32
E 0 299 0 0.026227285 297 32
E 0 300 0 0.026230802 298 32
E 0 301 0 0.026234308 299 32
E 0 302 0 0.026237815 300 32
E 0 303 0 0.026241332 301 32
E 0 304 0 0.026244828 302 32
E 0 305 0 0.026248335 303 32
E 0 306 0 0.026251841 304 32
E 0 307 0 0.026255338 305 32
E 0 308 0 0.026258854 306 32
E 0 309 0 0.026262361 307 32
E 0 310 0 0.026265867 308 32
E 0 311 0 0.026269384 309 32
E 0 312 0 0.026272881 310 32
E 0 313 0 0.026276397 311 32
E 0 314 0 0.026279904 312 32
E 0 315 0 0.026283400 313 32
E 0 316 0 0.026286917 314 32
E 0 317 0 0.026290423 315 32
E 0 318 0 0.026293920 316 32
E 0 319 0 0.026297436 317 32
E 0 320 0 0.026300943 318 32
E 0 321 0 0.026304450 319 32
E 0 322 0 0.026307956 320 32
E 0 323 0 0.026311453 321 32
E 0 324 0 0.026314979 322 32
E 0 325 0 0.026318486 323 32
E 0 326 0 0.026321982 324 32
E 0 327 0 0.026325499 325 32
E 0 328 0 0.026329006 326 32
E 0 329 0 0.026332562 327 32
E 0 330 0 0.026336129 328 32
E 0 331 0 0.026339635 329 32
E 0 332 0 0.026343152 330 32
E 0 333 0 0.026346659 331 32
E 0 334 0 0.026350165 332 32
E 0 335 0 0.026353672 333 32
E 0 336 0 0.026357178 334 32
E 0 337 0 0.026360685 335 32
E 0 338 0 0.026364191 336 32
E 0 339 0 0.026367688 337 32
E 0 340 0 0.026371204 338 32
E 0 341 0 0.026374751 339 32
E 0 342 0 0.026378318 340 32
E 0 343 0 0.026381834 341 32
E 0 344 0 0.026385341 342 32
E 0 345 0 0.026388847 343 32
E 0 346 0 0.026392354 344 32
E 0 347 0 0.026395851 345 32
E 0 348 0 0.026399367 346 32
E 0 349 0 0.026402874 347 32
E 0 350 0 0.026406380 348 32
E 0 351 0 0.026409897 349 32
E 0 352 0 0.026413403 350 32
E 0 353 0 0.026416960 351 32
E 0 354 0 0.026420517 352 32
E 0 355 0 0.026424033 353 32
E 0 356 0 0.026427540 354 32
E 0 357 0 0.026431056 355 32
E 0 358 0 0.026434563 356 32
E 0 359 0 0.026438069 357 32
E 0 360 0 0.026441576 358 32
E 0 361 0 0.026445093 359 32
E 0 362 0 0.026448599 360 32
E 0 363 0 0.026452096 361 32
E 0 364 0 0.026455602 362 32
E 0 365 0 0.026459249 363 32
E 0 366 0 0.026462796 364 32
E 0 367 0 0.026466362 365 32
E 0 368 0 0.026469879 366 32
E 0 369 0 0.026473396 367 32
E 0 370 0 0.026476902 368 32
E 0 371 0 0.026480399 369 32
E 0 372 0 0.026483915 370 32
E 0 373 0 0.026487422 371 32
E 0 374 0 0.026490918 372 32
E 0 375 0 0.026494435 373 32
E 0 376 0 0.026497941 374 32
E 0 377 0 0.026501448 375 32
E 0 378 0 0.026504955 376 32
E 0 379 0 0.026508451 377 32
E 0 380 0 0.026511968 378 32
E 0 381 0 0.026515474 379 32
E 0 382 0 0.026518981 380 32
E 0 383 0 0.026522477 381 32
E 0 384 0 0.026525984 382 32
E 0 385 0 0.026529490 383 32
E 0 386 0 0.026532997 384 32
E 0 387 0 0.026536484 385 32
E 0 388 0 0.026540010 386 32
E 0 389 0 0.026543517 387 32
E 0 390 0 0.026547053 388 32
E 0 391 0 0.026550610 389 32
E 0 392 0 0.026554116 390 32
E 0 393 0 0.026557623 391 32
E 0 394 0 0.026561140 392 32
E 0 395 0 0.026564636 393 32
E 0 396 0 0.026568143 394 32
E 0 397 0 0.026571649 395 32
E 0 398 0 0.026575156 396 32
E 0 399 0 0.026578662 397 32
E 0 400 0 0.026582179 398 32
E 0 401 0 0.026585696 399 32
E 0 402 0 0.026589252 400 32
E 0 403 0 0.026592809 401 32
E 0 404 0 0.026596325 402 32
E 0 405 0 0.026599822 403 32
E 0 406 0 0.026603329 404 32
E 0 407 0 0.026606835 405 32
E 0 408 0 0.026610342 406 32
E 0 409 0 0.026613848 407 32
E 0 410 0 0.026617355 408 32
E 0 411 0 0.026620851 409 32
E 0 412 0 0.026624368 410 32
E 0 413 0 0.026627864 411 32
E 0 414 0 0.026631411 412 32
E 0 415 0 0.026635388 413 32
E 0 416 0 0.026638915 414 32
E 0 417 0 0.026642432 415 32
E 0 418 0 0.026645938 416 32
E 0 419 0 0.026649435 417 32
E 0 420 0 0.026652941 418 32
E 0 421 0 0.026656438 419 32
E 0 422 0 0.026659944 420 32
E 0 423 0 0.026663461 421 32
E 0 424 0 0.026666968 422 32
E 0 425 0 0.026670474 423 32
E 0 426 0 0.026674121 424 32
E 0 427 0 0.026677657 425 32
E 0 428 0 0.026681224 426 32
E 0 429 0 0.026684751 427 32
E 0 430 0 0.026688257 428 32
E 0 431 0 0.026691764 429 32
E 0 432 0 0.026695270 430 32
E 0 433 0 0.026704908 431 32
E 0 434 0 0.026708515 432 32
E 0 435 0 0.026712032 433 32
E 0 436 0 0.026715538 434 32
E 0 437 0 0.026723223 435 32
E 0 438 0 0.026726809 436 32
E 0 439 0 0.026730316 437 32
E 0 440 0 0.026733823 438 32
E 0 441 0 0.026737339 439 32
E 0 442 0 0.026740846 440 32
E 0 443 0 0.026744342 441 32
E 0 444 0 0.026747849 442 32
E 0 445 0 0.026751355 443 32
E 0 446 0 0.026754862 444 32
E 0 447 0 0.026758388 445 32
E 0 448 0 0.026761945 446 32
E 0 449 0 0.026765522 447 32
E 0 450 0 0.026769028 448 32
E 0 451 0 0.026772525 449 32
E 0 452 0 0.026776041 450 32
E 0 453 0 0.026779548 451 32
E 0 454 0 0.026783055 452 32
E 0 455 0 0.026786551 453 32
E 0 456 0 0.026790068 454 32
E 0 457 0 0.026793574 455 32
E 0 458 0 0.026797081 456 32
E 0 459 0 0.026800577 457 32
E 0 460 0 0.026804114 458 32
E 0 461 0 0.026807621 459 32
E 0 462 0 0.026811127 460 32
E 0 463 0 0.026814634 461 32
E 0 464 0 0.026818150 462 32
E 0 465 0 0.026821657 463 32
E 0 466 0 0.026825163 464 32
E 0 467 0 0.026828680 465 32
E 0 468 0 0.026832206 466 32
E 0 469 0 0.026835713 467 32
E 0 470 0 0.026839220 468 32
E 0 471 0 0.026842726 469 32
E 0 472 0 0.026846233 470 32
E 0 473 0 0.026849749 471 32
E 0 474 0 0.026853246 472 32
E 0 475 0 0.026856742 473 32
E 0 476 0 0.026860259 474 32
E 0 477 0 0.026863755 475 32
E 0 478 0 0.026867262 476 32
E 0 479 0 0.026870839 477 32
E 0 480 0 0.026874395 478 32
E 0 481 0 0.026877912 479 32
E 0 482 0 0.026881419 480 32
E 0 483 0 0.026884915 481 32
E 0 484 0 0.026888432 482 32
E 0 485 0 0.026891938 483 32
E 0 486 0 0.026895445 484 32
E 0 487 0 0.026898951 485 32
E 0 488 0 0.026902458 486 32
E 0 489 0 0.026907046 487 32
E 0 490 0 0.026911635 488 32
E 0 491 0 0.026916885 489 32
E 0 492 0 0.026921544 490 32
E 0 493 0 0.026925962 491 32
E 0 494 0 0.026930019 492 32
E 0 495 0 0.026934157 493 32
E 0 496 0 0.026938836 494 32
E 0 497 0 0.026943394 495 32
E 0 498 0 0.026947953 496 32
E 0 499 0 0.026953814 497 32
E 0 500 0 0.026958703 498 32
E 0 501 0 0.026963502 499 32
E 0 502 0 0.026968041 500 32
E 0 503 0 0.026972599 501 32
E 0 504 0 0.026976737 502 32
E 0 505 0 0.026980965 503 32
E 0 506 0 0.026985062 504 32
E 0 507 0 0.026989641 505 32
E 0 508 0 0.026993909 506 32
E 0 509 0 0.026998117 507 32
E 0 510 0 0.027002275 508 32
E 0 511 0 0.027006392 509 32
E 0 512 0 0.027010650 510 32
E 0 513 0 0.027015008 511 32
E 0 514 0 0.027019266 512 32
E 0 515 0 0.027023444 513 32
E 0 516 0 0.027027562 514 32
E 0 517 0 0.027031710 515 32
E 0 518 0 0.027036038 516 32
E 0 519 0 0.027041147 517 32
E 0 520 0 0.027045856 518 32
E 0 521 0 0.027050164 519 32
E 0 522 0 0.027054412 520 32
E 0 523 0 0.027058490 521 32
E 0 524 0 0.027062647 522 32
E 0 525 0 0.027067106 523 32
E 0 526 0 0.027071514 524 32
E 0 527 0 0.027075952 525 32
E 0 528 0 0.027080381 526 32
E 0 529 0 0.027084649 527 32
E 0 530 0 0.027088967 528 32
E 0 531 0 0.027093164 529 32
E 0 532 0 0.027097523 530 32
E 0 533 0 0.027101861 531 32
E 0 534 0 0.027106199 532 32
E 0 535 0 0.027110347 533 32
E 0 536 0 0.027114745 534 32
E 0 537 0 0.027119163 535 32
E 0 538 0 0.027123621 536 32
E 0 539 0 0.027128180 537 32
E 0 540 0 0.027132688 538 32
E 0 541 0 0.027137237 539 32
E 0 542 0 0.027141375 540 32
E 0 543 0 0.027145502 541 32
E 0 544 0 0.027149660 542 32
E 0 545 0 0.027154008 543 32
E 0 546 0 0.027158647 544 32
E 0 547 0 0.027162975 545 32
E 0 548 0 0.027213369 546 32
E 0 549 0 0.027224981 547 32
E 0 550 0 0.027229800 548 32
E 0 551 0 0.027234409 549 32
E 0 552 0 0.027238697 550 32
E 0 553 0 0.027243085 551 32
E 0 554 0 0.027247283 552 32
E 0 555 0 0.027251561 553 32
E 0 556 0 0.027256620 554 32
E 0 557 0 0.027261279 555 32
E 0 558 0 0.027265877 556 32
E 0 559 0 0.027271829 557 32
E 0 560 0 0.027275836 558 32
E 0 561 0 0.027279363 559 32
E 0 562 0 0.027282859 560 32
E 0 563 0 0.027286356 561 32
E 0 564 0 0.027289852 562 32
E 0 565 0 0.027293349 563 32
E 0 566 0 0.027296895 564 32
E 0 567 0 0.027300472 565 32
E 0 568 0 0.027303989 566 32
E 0 569 0 0.027307485 567 32
E 0 570 0 0.027310972 568 32
E 0 571 0 0.027314468 569 32
E 0 572 0 0.027317965 570 32
E 0 573 0 0.027321471 571 32
E 0 574 0 0.027336299 572 32
E 0 575 0 0.027339906 573 32
E 0 576 0 0.027343422 574 32
E 0 577 0 0.027346939 575 32
E 0 578 0 0.027350436 576 32
E 0 579 0 0.027353942 577 32
E 0 580 0 0.027357449 578 32
E 0 581 0 0.027360955 579 32
E 0 582 0 0.027364462 580 32
E 0 583 0 0.027367978 581 32
E 0 584 0 0.027371475 582 32
E 0 585 0 0.027374981 583 32
E 0 586 0 0.027378488 584 32
E 0 587 0 0.027382025 585 32
E 0 588 0 0.027385531 586 32
E 0 589 0 0.027389048 587 32
E 0 590 0 0.027392554 588 32
E 0 591 0 0.027396071 589 32
E 0 592 0 0.027399577 590 32
E 0 593 0 0.027403084 591 32
E 0 594 0 0.027406591 592 32
E 0 595 0 0.027410107 593 32
E 0 596 0 0.027413614 594 32
E 0 597 0 0.027417120 595 32
E 0 598 0 0.027420627 596 32
E 0 599 0 0.027424133 597 32
E 0 600 0 0.027427630 598 32
E 0 601 0 0.027431126 599 32
E 0 602 0 0.027434643 600 32
E 0 603 0 0.027438140 601 32
E 0 604 0 0.027441656 602 32
E 0 605 0 0.027445163 603 32
E 0 606 0 0.027448669 604 32
E 0 607 0 0.027452176 605 32
E 0 608 0 0.027455682 606 32
E 0 609 0 0.027459179 607 32
E 0 610 0 0.027462685 608 32
E 0 611 0 0.027466192 609 32
E 0 612 0 0.027469699 610 32
E 0 613 0 0.027473205 611 32
E 0 614 0 0.027476712 612 32
E 0 615 0 0.027480218 613 32
E 0 616 0 0.027483735 614 32
E 0 617 0 0.027511467 615 32
E 0 618 0 0.027519622 616 32
E 0 619 0 0.027523189 617 32
E 0 620 0 0.027526675 618 32
E 0 621 0 0.027530162 619 32
E 0 622 0 0.027533698 620 32
E 0 623 0 0.027537175 621 32
E 0 624 0 0.027540661 622 32
E 0 625 0 0.027544138 623 32
E 0 626 0 0.027547634 624 32
E 0 627 0 0.027551111 625 32
E 0 628 0 0.027554657 626 32
E 0 629 0 0.027558234 627 32
E 0 630 0 0.027561781 628 32
E 0 631 0 0.027565287 629 32
E 0 632 0 0.027568764 630 32
E 0 633 0 0.027572260 631 32
E 0 634 0 0.027575737 632 32
E 0 635 0 0.027579213 633 32
E 0 636 0 0.027582700 634 32
E 0 637 0 0.027586186 635 32
E 0 638 0 0.027589683 636 32
E 0 639 0 0.027593179 637 32
E 0 640 0 0.027596666 638 32
E 0 641 0 0.027600163 639 32
E 0 642 0 0.027603649 640 32
E 0 643 0 0.027607136 641 32
E 0 644 0 0.027610622 642 32
E 0 645 0 0.027614109 643 32
E 0 646 0 0.027617605 644 32
E 0 647 0 0.027621092 645 32
E 0 648 0 0.027624588 646 32
E 0 649 0 0.027628065 647 32
E 0 650 0 0.027631561 648 32
E 0 651 0 0.027635038 649 32
E 0 652 0 0.027638534 650 32
E 0 653 0 0.027649104 651 32
E 0 654 0 0.027652801 652 32
E 0 655 0 0.027656308 653 32
E 0 656 0 0.027659804 654 32
E 0 657 0 0.027663301 655 32
E 0 658 0 0.027666797 656 32
E 0 659 0 0.027670294 657 32
E 0 660 0 0.027673790 658 32
E 0 661 0 0.027677287 659 32
E 0 662 0 0.027680833 660 32
E 0 663 0 0.027684390 661 32
E 0 664 0 0.027687897 662 32
E 0 665 0 0.027691383 663 32
E 0 666 0 0.027694890 664 32
E 0 667 0 0.027698386 665 32
E 0 668 0 0.027701903 666 32
E 0 669 0 0.027705399 667 32
E 0 670 0 0.027708936 668 32
E 0 671 0 0.027712443 669 32
E 0 672 0 0.027715999 670 32
E 0 673 0 0.027719556 671 32
E 0 674 0 0.027723072 672 32
E 0 675 0 0.027726559 673 32
E 0 676 0 0.027730055 674 32
E 0 677 0 0.027733552 675 32
E 0 678 0 0.027737059 676 32
E 0 679 0 0.027740555 677 32
E 0 680 0 0.027744052 678 32
E 0 681 0 0.027748229 679 32
E 0 682 0 0.027751826 680 32
E 0 683 0 0.027755373 681 32
E 0 684 0 0.027758889 682 32
E 0 685 0 0.027762386 683 32
E 0 686 0 0.027765902 684 32
E 0 687 0 0.027769399 685 32
E 0 688 0 0.027772896 686 32
E 0 689 0 0.027776392 687 32
E 0 690 0 0.027779889 688 32
E 0 691 0 0.027783385 689 32
E 0 692 0 0.027786882 690 32
E 0 693 0 0.027790378 691 32
E 0 694 0 0.027793875 692 32
E 0 695 0 0.027797371 693 32
E 0 696 0 0.027800868 694 32
E 0 697 0 0.027804364 695 32
E 0 698 0 0.027807861 696 32
E 0 699 0 0.027811347 697 32
E 0 700 0 0.027814884 698 32
E 0 701 0 0.027818801 699 32
E 0 702 0 0.027822328 700 32
E 0 703 0 0.027825835 701 32
E 0 704 0 0.027829331 702 32
E 0 705 0 0.027832818 703 32
E 0 706 0 0.027836324 704 32
E 0 707 0 0.027839811 705 32
E 0 708 0 0.027843317 706 32
E 0 709 0 0.027846804 707 32
E 0 710 0 0.027850350 708 32
E 0 711 0 0.027853937 709 32
E 0 712 0 0.027857444 710 32
E 0 713 0 0.027860940 711 32
E 0 714 0 0.027864437 712 32
E 0 715 0 0.027874936 713 32
E 0 716 0 0.027878523 714 32
E 0 717 0 0.027882150 715 32
E 0 718 0 0.027885697 716 32
E 0 719 0 0.027889263 717 32
E 0 720 0 0.027892770 718 32
E 0 721 0 0.027896266 719 32
E 0 722 0 0.027899763 720 32
E 0 723 0 0.027903269 721 32
E 0 724 0 0.027906766 722 32
E 0 725 0 0.027910262 723 32
E 0 726 0 0.027913769 724 32
E 0 727 0 0.027917276 725 32
E 0 728 0 0.027920772 726 32
E 0 729 0 0.027924279 727 32
E 0 730 0 0.027927775 728 32
E 0 731 0 0.027931272 729 32
E 0 732 0 0.027934778 730 32
E 0 733 0 0.027938285 731 32
E 0 734 0 0.027941791 732 32
E 0 735 0 0.027945298 733 32
E 0 736 0 0.027948805 734 32
E 0 737 0 0.027952311 735 32
E 0 738 0 0.027955808 736 32
E 0 739 0 0.027959314 737 32
E 0 740 0 0.027962821 738 32
E 0 741 0 0.027966337 739 32
E 0 742 0 0.027969884 740 32
E 0 743 0 0.027973451 741 32
E 0 744 0 0.027976957 742 32
E 0 745 0 0.027980464 743 32
E 0 746 0 0.027983960 744 32
E 0 747 0 0.027987457 745 32
E 0 748 0 0.027990973 746 32
E 0 749 0 0.027994480 747 32
E 0 750 0 0.027997996 748 32
E 0 751 0 0.028001533 749 32
E 0 752 0 0.028005100 750 32
E 0 753 0 0.028008606 751 32
E 0 754 0 0.028012103 752 32
E 0 755 0 0.028015599 753 32
E 0 756 0 0.028019096 754 32
E 0 757 0 0.028022592 755 32
E 0 758 0 0.028026099 756 32
E 0 759 0 0.028029606 757 32
E 0 760 0 0.028033122 758 32
E 0 761 0 0.028036649 759 32
E 0 762 0 0.028040215 760 32
E 0 763 0 0.028043722 761 32
E 0 764 0 0.028047239 762 32
E 0 765 0 0.028050745 763 32
E 0 766 0 0.028054252 764 32
E 0 767 0 0.028057758 765 32
E 0 768 0 0.028061265 766 32
E 0 769 0 0.028064771 767 32
E 0 770 0 0.028068388 768 32
E 0 771 0 0.028071965 769 32
E 0 772 0 0.028075531 770 32
E 0 773 0 0.028079038 771 32
E 0 774 0 0.028082555 772 32
E 0 775 0 0.028086051 773 32
E 0 776 0 0.028089558 774 32
E 0 777 0 0.028093054 775 32
E 0 778 0 0.028096561 776 32
E 0 779 0 0.028100057 777 32
E 0 780 0 0.028103574 778 32
E 0 781 0 0.028107070 779 32
E 0 782 0 0.028110577 780 32
E 0 783 0 0.028114074 781 32
E 0 784 0 0.028117590 782 32
E 0 785 0 0.028121087 783 32
E 0 786 0 0.028124593 784 32
E 0 787 0 0.028128090 785 32
E 0 788 0 0.028131596 786 32
E 0 789 0 0.028135133 787 32
E 0 790 0 0.028138710 788 32
E 0 791 0 0.028142216 789 32
E 0 792 0 0.028145723 790 32
E 0 793 0 0.028149219 791 32
E 0 794 0 0.028152726 792 32
E 0 795 0 0.028156232 793 32
E 0 796 0 0.028159729 794 32
E 0 797 0 0.028163235 795 32
E 0 798 0 0.028166752 796 32
E 0 799 0 0.028170289 797 32
E 0 800 0 0.028173855 798 32
E 0 801 0 0.028177362 799 32
E 0 802 0 0.028180868 800 32
E 0 803 0 0.028184365 801 32
E 0 804 0 0.028187872 802 32
E 0 805 0 0.028191368 803 32
E 0 806 0 0.028194885 804 32
E 0 807 0 0.028198381 805 32
E 0 808 0 0.028202008 806 32
E 0 809 0 0.028205605 807 32
E 0 810 0 0.028209171 808 32
E 0 811 0 0.028212698 809 32
E 0 812 0 0.028216215 810 32
E 0 813 0 0.028219721 811 32
E 0 814 0 0.028223238 812 32
E 0 815 0 0.028226744 813 32
E 0 816 0 0.028230251 814 32
E 0 817 0 0.028233747 815 32
E 0 818 0 0.028237264 816 32
E 0 819 0 0.028240760 817 32
E 0 820 0 0.028244277 818 32
E 0 821 0 0.028247774 819 32
E 0 822 0 0.028251280 820 32
E 0 823 0 0.028254787 821 32
E 0 824 0 0.028258293 822 32
E 0 825 0 0.028261800 823 32
E 0 826 0 0.028265306 824 32
E 0 827 0 0.028268843 825 32
E 0 828 0 0.028272410 826 32
E 0 829 0 0.028275926 827 32
E 0 830 0 0.028279443 828 32
E 0 831 0 0.028282949 829 32
E 0 832 0 0.028286456 830 32
E 0 833 0 0.028289952 831 32
E 0 834 0 0.028293469 832 32
E 0 835 0 0.028296966 833 32
E 0 836 0 0.028300482 834 32
E 0 837 0 0.028304029 835 32
E 0 838 0 0.028307595 836 32
E 0 839 0 0.028311102 837 32
E 0 840 0 0.028314609 838 32
E 0 841 0 0.028318105 839 32
E 0 842 0 0.028321622 840 32
E 0 843 0 0.028325118 841 32
E 0 844 0 0.028328625 842 32
E 0 845 0 0.028332131 843 32
E 0 846 0 0.028335698 844 32
E 0 847 0 0.028339265 845 32
E 0 848 0 0.028342781 846 32
E 0 849 0 0.028346278 847 32
E 0 850 0 0.028349794 848 32
E 0 851 0 0.028353281 849 32
E 0 852 0 0.028356787 850 32
E 0 853 0 0.028360284 851 32
E 0 854 0 0.028363791 852 32
E 0 855 0 0.028367307 853 32
E 0 856 0 0.028370874 854 32
E 0 857 0 0.028380913 855 32
E 0 858 0 0.028384469 856 32
E 0 859 0 0.028387976 857 32
E 0 860 0 0.028391472 858 32
E 0 861 0 0.028394979 859 32
E 0 862 0 0.028398485 860 32
E 0 863 0 0.028402032 861 32
E 0 864 0 0.028405569 862 32
E 0 865 0 0.028409135 863 32
E 0 866 0 0.028412652 864 32
E 0 867 0 0.028416148 865 32
E 0 868 0 0.028424574 866 32
E 0 869 0 0.028428121 867 32
E 0 870 0 0.028431637 868 32
E 0 871 0 0.028435134 869 32
E 0 872 0 0.028438651 870 32
E 0 873 0 0.028442147 871 32
E 0 874 0 0.028445654 872 32
E 0 875 0 0.028449150 873 32
E 0 876 0 0.028452657 874 32
E 0 877 0 0.028456163 875 32
E 0 878 0 0.028459670 876 32
E 0 879 0 0.028463166 877 32
E 0 880 0 0.028466683 878 32
E 0 881 0 0.028470179 879 32
E 0 882 0 0.028473686 880 32
E 0 883 0 0.028477183 881 32
E 0 884 0 0.028480689 882 32
E 0 885 0 0.028484186 883 32
E 0 886 0 0.028487702 884 32
E 0 887 0 0.028491389 885 32
E 0 888 0 0.028495868 886 32
E 0 889 0 0.028500316 887 32
E 0 890 0 0.028504193 888 32
E 0 891 0 0.028507740 889 32
E 0 892 0 0.028511306 890 32
E 0 893 0 0.028514853 891 32
E 0 894 0 0.028518410 892 32
E 0 895 0 0.028522097 893 32
E 0 896 0 0.028525723 894 32
E 0 897 0 0.028529340 895 32
E 0 898 0 0.028532897 896 32
E 0 899 0 0.028536443 897 32
E 0 900 0 0.028540000 898 32
E 0 901 0 0.028543557 899 32
E 0 902 0 0.028547113 900 32
E 0 903 0 0.028550670 901 32
E 0 904 0 0.028554237 902 32
E 0 905 0 0.028557783 903 32
E 0 906 0 0.028561340 904 32
E 0 907 0 0.028564887 905 32
E 0 908 0 0.028568443 906 32
E 0 909 0 0.028572000 907 32
E 0 910 0 0.028575557 908 32
E 0 911 0 0.028579113 909 32
E 0 912 0 0.028582690 910 32
E 0 913 0 0.028586307 911 32
E 0 914 0 0.028589863 912 32
E 0 915 0 0.028593410 913 32
E 0 916 0 0.028596967 914 32
E 0 917 0 0.028600513 915 32
E 0 918 0 0.028604080 916 32
E 0 919 0 0.028607626 917 32
E 0 920 0 0.028611203 918 32
E 0 921 0 0.028614820 919 32
E 0 922 0 0.028618387 920 32
E 0 923 0 0.028621933 921 32
E 0 924 0 0.028625490 922 32
E 0 925 0 0.028629037 923 32
E 0 926 0 0.028632603 924 32
E 0 927 0 0.028636180 925 32
E 0 928 0 0.028639807 926 32
E 0 929 0 0.028643363 927 32
E 0 930 0 0.028646910 928 32
E 0 931 0 0.028650467 929 32
E 0 932 0 0.028654023 930 32
E 0 933 0 0.028657570 931 32
E 0 934 0 0.028661147 932 32
E 0 935 0 0.028664763 933 32
E 0 936 0 0.028668320 934 32
E 0 937 0 0.028671877 935 32
E 0 938 0 0.028675423 936 32
E 0 939 0 0.028678970 937 32
E 0 940 0 0.028682537 938 32
E 0 941 0 0.028686103 939 32
E 0 942 0 0.028689730 940 32
E 0 943 0 0.028693297 941 32
E 0 944 0 0.028696843 942 32
E 0 945 0 0.028700400 943 32
E 0 946 0 0.028703957 944 32
E 0 947 0 0.028707503 945 32
E 0 948 0 0.028711080 946 32
E 0 949 0 0.028714687 947 32
E 0 950 0 0.028718253 948 32
E 0 951 0 0.028721810 949 32
E 0 952 0 0.028725367 950 32
E 0 953 0 0.028728913 951 32
E 0 954 0 0.028732490 952 32
E 0 955 0 0.028736057 953 32
E 0 956 0 0.028739663 954 32
E 0 957 0 0.028743220 955 32
E 0 958 0 0.028746777 956 32
E 0 959 0 0.028750333 957 32
E 0 960 0 0.028753890 958 32
E 0 961 0 0.028757557 959 32
E 0 962 0 0.028761194 960 32
E 0 963 0 0.028764800 961 32
E 0 964 0 0.028768377 962 32
E 0 965 0 0.028771944 963 32
E 0 966 0 0.028775500 964 32
E 0 967 0 0.028779057 965 32
E 0 968 0 0.028782614 966 32
E 0 969 0 0.028786160 967 32
E 0 970 0 0.028789707 968 32
E 0 971 0 0.028793254 969 32
E 0 972 0 0.028796810 970 32
E 0 973 0 0.028800367 971 32
E 0 974 0 0.028803924 972 32
E 0 975 0 0.028807500 973 32
E 0 976 0 0.028811127 974 32
E 0 977 0 0.028814684 975 32
E 0 978 0 0.028818240 976 32
E 0 979 0 0.028821787 977 32
E 0 980 0 0.028825344 978 32
E 0 981 0 0.028828890 979 32
E 0 982 0 0.028832477 980 32
E 0 983 0 0.028836094 981 32
E 0 984 0 0.028839660 982 32
E 0 985 0 0.028843207 983 32
E 0 986 0 0.028846764 984 32
E 0 987 0 0.028850300 985 32
E 0 988 0 0.028853857 986 32
E 0 989 0 0.028857434 987 32
E 0 990 0 0.028861131 988 32
E 0 991 0 0.028864697 989 32
E 0 992 0 0.028868254 990 32
E 0 993 0 0.028871800 991 32
E 0 994 0 0.028875357 992 32
E 0 995 0 0.028879044 993 32
E 0 996 0 0.028882681 994 32
E 0 997 0 0.028886288 995 32
E 0 998 0 0.028896477 996 32
E 0 999 0 0.028900103 997 32
E 0 1000 0 0.028903660 998 32
E 0 1001 0 0.028907237 999 32
E 0 1002 1 0.046701242 0 32
E 0 1003 1 0.046715770 1 32
E 0 1004 1 0.046719537 2 32
E 0 1005 1 0.046723123 3 32
E 0 1006 1 0.046726720 4 32
E 0 1007 1 0.046730257 5 32
E 0 1008 1 0.046733773 6 32
E 0 1009 1 0.046737280 7 32
E 0 1010 1 0.046740776 8 32
E 0 1011 1 0.046744263 9 32
E 0 1012 1 0.046747749 10 32
E 0 1013 1 0.046751276 11 32
E 0 1014 1 0.046754793 12 32
E 0 1015 1 0.046758489 13 32
E 0 1016 1 0.046762016 14 32
E 0 1017 1 0.046765533 15 32
E 0 1018 1 0.046769039 16 32
E 0 1019 1 0.046772886 17 32
E 0 1020 1 0.046776423 18 32
E 0 1021 1 0.046779990 19 32
E 0 1022 1 0.046783516 20 32
E 0 1023 1 0.046787013 21 32
E 0 1024 1 0.046790519 22 32
E 0 1025 1 0.046794016 23 32
E 0 1026 1 0.046797532 24 32
E 0 1027 1 0.046801029 25 32
E 0 1028 1 0.046804536 26 32
E 0 1029 1 0.046808032 27 32
E 0 1030 1 0.046811539 28 32
E 0 1031 1 0.046815045 29 32
E 0 1032 1 0.046818552 30 32
E 0 1033 1 0.046822048 31 32
E 0 1034 1 0.046825545 32 32
E 0 1035 1 0.046829061 33 32
E 0 1036 1 0.046832568 34 32
E 0 1037 1 0.046836075 35 32
E 0 1038 1 0.046839571 36 32
E 0 1039 1 0.046843078 37 32
E 0 1040 1 0.046846584 38 32
E 0 1041 1 0.046850091 39 32
E 0 1042 1 0.046853587 40 32
E 0 1043 1 0.046857094 41 32
E 0 1044 1 0.046860600 42 32
E 0 1045 1 0.046864097 43 32
E 0 1046 1 0.046867614 44 32
E 0 1047 1 0.046871110 45 32
E 0 1048 1 0.046874607 46 32
E 0 1049 1 0.046878113 47 32
E 0 1050 1 0.046881620 48 32
E 0 1051 1 0.046885126 49 32
E 0 1052 1 0.046888623 50 32
E 0 1053 1 0.046892129 51 32
E 0 1054 1 0.046895626 52 32
E 0 1055 1 0.046899132 53 32
E 0 1056 1 0.046902639 54 32
E 0 1057 1 0.046906136 55 32
E 0 1058 1 0.046909642 56 32
E 0 1059 1 0.046913149 57 32
E 0 1060 1 0.046916645 58 32
E 0 1061 1 0.046920152 59 32
E 0 1062 1 0.046923658 60 32
E 0 1063 1 0.046927165 61 32
E 0 1064 1 0.046930722 62 32
E 0 1065 1 0.046934298 63 32
E 0 1066 1 0.046937935 64 32
E 0 1067 1 0.046941452 65 32
E 0 1068 1 0.046944958 66 32
E 0 1069 1 0.046948465 67 32
E 0 1070 1 0.046951971 68 32
E 0 1071 1 0.046955478 69 32
E 0 1072 1 0.046958974 70 32
E 0 1073 1 0.046962471 71 32
E 0 1074 1 0.046965977 72 32
E 0 1075 1 0.046969484 73 32
E 0 1076 1 0.046972991 74 32
E 0 1077 1 0.046976497 75 32
E 0 1078 1 0.046980054 76 32
E 0 1079 1 0.046983941 77 32
E 0 1080 1 0.046987448 78 32
E 0 1081 1 0.046990954 79 32
E 0 1082 1 0.046994461 80 32
E 0 1083 1 0.046997967 81 32
E 0 1084 1 0.047002315 82 32
E 0 1085 1 0.047007144 83 32
E 0 1086 1 0.047011793 84 32
E 0 1087 1 0.047016522 85 32
E 0 1088 1 0.047021221 86 32
E 0 1089 1 0.047042571 87 32
E 0 1090 1 0.047050095 88 32
E 0 1091 1 0.047058180 89 32
E 0 1092 1 0.047066085 90 32
E 0 1093 1 0.047071164 91 32
E 0 1094 1 0.047075743 92 32
E 0 1095 1 0.047079951 93 32
E 0 1096 1 0.047083968 94 32
E 0 1097 1 0.047088597 95 32
E 0 1098 1 0.047093446 96 32
E 0 1099 1 0.047097844 97 32
E 0 1100 1 0.047102352 98 32
E 0 1101 1 0.047106540 99 32
E 0 1102 1 0.047111109 100 32
E 0 1103 1 0.047117831 101 32
E 0 1104 1 0.047122941 102 32
E 0 1105 1 0.047127640 103 32
E 0 1106 1 0.047133691 104 32
E 0 1107 1 0.047138470 105 32
E 0 1108 1 0.047142598 106 32
E 0 1109 1 0.047146806 107 32
E 0 1110 1 0.047151264 108 32
E 0 1111 1 0.047156263 109 32
E 0 1112 1 0.047162004 110 32
E 0 1113 1 0.047167094 111 32
E 0 1114 1 0.047173265 112 32
E 0 1115 1 0.047178034 113 32
E 0 1116 1 0.047182763 114 32
E 0 1117 1 0.047187562 115 32
E 0 1118 1 0.047192541 116 32
E 0 1119 1 0.047197510 117 32
E 0 1120 1 0.047202570 118 32
E 0 1121 1 0.047207138 119 32
E 0 1122 1 0.047211527 120 32
E 0 1123 1 0.047216486 121 32
E 0 1124 1 0.047221676 122 32
E 0 1125 1 0.047227056 123 32
E 0 1126 1 0.047232416 124 32
E 0 1127 1 0.047237726 125 32
E 0 1128 1 0.047242605 126 32
E 0 1129 1 0.047247083 127 32
E 0 1130 1 0.047251431 128 32
E 0 1131 1 0.047255749 129 32
E 0 1132 1 0.047261510 130 32
E 0 1133 1 0.047266389 131 32
E 0 1134 1 0.047271439 132 32
E 0 1135 1 0.047276218 133 32
E 0 1136 1 0.047282159 134 32
E 0 1137 1 0.047286938 135 32
E 0 1138 1 0.047308207 136 32
E 0 1139 1 0.047313077 137 32
E 0 1140 1 0.047317585 138 32
E 0 1141 1 0.047322584 139 32
E 0 1142 1 0.047327123 140 32
E 0 1143 1 0.047331070 141 32
E 0 1144 1 0.047334597 142 32
E 0 1145 1 0.047338113 143 32
E 0 1146 1 0.047341880 144 32
E 0 1147 1 0.047345507 145 32
E 0 1148 1 0.047349074 146 32
E 0 1149 1 0.047352580 147 32
E 0 1150 1 0.047356087 148 32
E 0 1151 1 0.047359583 149 32
E 0 1152 1 0.047363080 150 32
E 0 1153 1 0.047366567 151 32
E 0 1154 1 0.047370063 152 32
E 0 1155 1 0.047373560 153 32
E 0 1156 1 0.047377056 154 32
E 0 1157 1 0.047380553 155 32
E 0 1158 1 0.047384059 156 32
E 0 1159 1 0.047387556 157 32
E 0 1160 1 0.047392064 158 32
E 0 1161 1 0.047396943 159 32
E 0 1162 1 0.047401342 160 32
E 0 1163 1 0.047405950 161 32
E 0 1164 1 0.047410769 162 32
E 0 1165 1 0.047415588 163 32
E 0 1166 1 0.047420628 164 32
E 0 1167 1 0.047425507 165 32
E 0 1168 1 0.047430236 166 32
E 0 1169 1 0.047435245 167 32
E 0 1170 1 0.047439503 168 32
E 0 1171 1 0.047443060 169 32
E 0 1172 1 0.047446556 170 32
E 0 1173 1 0.047450063 171 32
E 0 1174 1 0.047453579 172 32
E 0 1175 1 0.047457076 173 32
E 0 1176 1 0.047460602 174 32
E 0 1177 1 0.047464109 175 32
E 0 1178 1 0.047467605 176 32
E 0 1179 1 0.047471102 177 32
E 0 1180 1 0.047474609 178 32
E 0 1181 1 0.047478115 179 32
E 0 1182 1 0.047481732 180 32
E 0 1183 1 0.047485329 181 32
E 0 1184 1 0.047488825 182 32
E 0 1185 1 0.047492322 183 32
E 0 1186 1 0.047495828 184 32
E 0 1187 1 0.047499335 185 32
E 0 1188 1 0.047502851 186 32
E 0 1189 1 0.047506348 187 32
E 0 1190 1 0.047509854 188 32
E 0 1191 1 0.047513351 189 32
E 0 1192 1 0.047516848 190 32
E 0 1193 1 0.047520354 191 32
E 0 1194 1 0.047523861 192 32
E 0 1195 1 0.047527367 193 32
E 0 1196 1 0.047531054 194 32
E 0 1197 1 0.047534661 195 32
E 0 1198 1 0.047538218 196 32
E 0 1199 1 0.047541724 197 32
E 0 1200 1 0.047545231 198 32
E 0 1201 1 0.047548737 199 32
E 0 1202 1 0.047552234 200 32
E 0 1203 1 0.047555740 201 32
E 0 1204 1 0.047559237 202 32
E 0 1205 1 0.047562743 203 32
E 0 1206 1 0.047566240 204 32
E 0 1207 1 0.047569746 205 32
E 0 1208 1 0.047573243 206 32
E 0 1209 1 0.047576740 207 32
E 0 1210 1 0.047580246 208 32
E 0 1211 1 0.047583753 209 32
E 0 1212 1 0.047587239 210 32
E 0 1213 1 0.047590746 211 32
E 0 1214 1 0.047594252 212 32
E 0 1215 1 0.047597749 213 32
E 0 1216 1 0.047601245 214 32
E 0 1217 1 0.047604752 215 32
E 0 1218 1 0.047608248 216 32
E 0 1219 1 0.047611745 217 32
E 0 1220 1 0.047615242 218 32
E 0 1221 1 0.047618748 219 32
E 0 1222 1 0.047622245 220 32
E 0 1223 1 0.047625751 221 32
E 0 1224 1 0.047629338 222 32
E 0 1225 1 0.047632915 223 32
E 0 1226 1 0.047636421 224 32
E 0 1227 1 0.047639918 225 32
E 0 1228 1 0.047643414 226 32
E 0 1229 1 0.047646911 227 32
E 0 1230 1 0.047650407 228 32
E 0 1231 1 0.047653914 229 32
E 0 1232 1 0.047657410 230 32
E 0 1233 1 0.047660907 231 32
E 0 1234 1 0.047664403 232 32
E 0 1235 1 0.047668030 233 32
E 0 1236 1 0.047671637 234 32
E 0 1237 1 0.047675194 235 32
E 0 1238 1 0.047678690 236 32
E 0 1239 1 0.047682197 237 32
E 0 1240 1 0.047685693 238 32
E 0 1241 1 0.047689190 239 32
E 0 1242 1 0.047692676 240 32
E 0 1243 1 0.047696173 241 32
E 0 1244 1 0.047699669 242 32
E 0 1245 1 0.047703166 243 32
E 0 1246 1 0.047706663 244 32
E 0 1247 1 0.047710159 245 32
E 0 1248 1 0.047713646 246 32
E 0 1249 1 0.047717152 247 32
E 0 1250 1 0.047720639 248 32
E 0 1251 1 0.047724135 249 32
E 0 1252 1 0.047727632 250 32
E 0 1253 1 0.047731128 251 32
E 0 1254 1 0.047734625 252 32
E 0 1255 1 0.047738111 253 32
E 0 1256 1 0.047741608 254 32
E 0 1257 1 0.047745154 255 32
E 0 1258 1 0.047748711 256 32
E 0 1259 1 0.047752218 257 32
E 0 1260 1 0.047755704 258 32
E 0 1261 1 0.047759201 259 32
E 0 1262 1 0.047762697 260 32
E 0 1263 1 0.047766194 261 32
E 0 1264 1 0.047769680 262 32
E 0 1265 1 0.047773177 263 32
E 0 1266 1 0.047776663 264 32
E 0 1267 1 0.047780160 265 32
E 0 1268 1 0.047783707 266 32
E 0 1269 1 0.047787263 267 32
E 0 1270 1 0.047790770 268 32
E 0 1271 1 0.047794266 269 32
E 0 1272 1 0.047797763 270 32
E 0 1273 1 0.047801259 271 32
E 0 1274 1 0.047804756 272 32
E 0 1275 1 0.047822018 273 32
E 0 1276 1 0.047825605 274 32
E 0 1277 1 0.047829132 275 32
E 0 1278 1 0.047832648 276 32
E 0 1279 1 0.047836125 277 32
E 0 1280 1 0.047839611 278 32
E 0 1281 1 0.047843098 279 32
E 0 1282 1 0.047846584 280 32
E 0 1283 1 0.047850071 281 32
E 0 1284 1 0.047853547 282 32
E 0 1285 1 0.047857034 283 32
E 0 1286 1 0.047860530 284 32
E 0 1287 1 0.047864017 285 32
E 0 1288 1 0.047867503 286 32
E 0 1289 1 0.047870990 287 32
E 0 1290 1 0.047874466 288 32
E 0 1291 1 0.047877953 289 32
E 0 1292 1 0.047881449 290 32
E 0 1293 1 0.047884936 291 32
E 0 1294 1 0.047888422 292 32
E 0 1295 1 0.047891909 293 32
E 0 1296 1 0.047895385 294 32
E 0 1297 1 0.047898872 295 32
E 0 1298 1 0.047902358 296 32
E 0 1299 1 0.047905845 297 32
E 0 1300 1 0.047909342 298 32
E 0 1301 1 0.047912818 299 32
E 0 1302 1 0.047916315 300 32
E 0 1303 1 0.047919801 301 32
E 0 1304 1 0.047923328 302 32
E 0 1305 1 0.047931202 303 32
E 0 1306 1 0.047934759 304 32
E 0 1307 1 0.047938266 305 32
E 0 1308 1 0.047941772 306 32
E 0 1309 1 0.047945269 307 32
E 0 1310 1 0.047948765 308 32
E 0 1311 1 0.047952262 309 32
E 0 1312 1 0.047955758 310 32
E 0 1313 1 0.047959405 311 32
E 0 1314 1 0.047963002 312 32
E 0 1315 1 0.047966548 313 32
E 0 1316 1 0.047970065 314 32
E 0 1317 1 0.047973602 315 32
E 0 1318 1 0.047977108 316 32
E 0 1319 1 0.047980615 317 32
E 0 1320 1 0.047984111 318 32
E 0 1321 1 0.047987618 319 32
E 0 1322 1 0.047991104 320 32
E 0 1323 1 0.047994611 321 32
E 0 1324 1 0.047998108 322 32
E 0 1325 1 0.048001604 323 32
E 0 1326 1 0.048005101 324 32
E 0 1327 1 0.048008607 325 32
E 0 1328 1 0.048012104 326 32
E 0 1329 1 0.048015610 327 32
E 0 1330 1 0.048019107 328 32
E 0 1331 1 0.048022623 329 32
E 0 1332 1 0.048026120 330 32
E 0 1333 1 0.048029616 331 32
E 0 1334 1 0.048033113 332 32
E 0 1335 1 0.048036660 333 32
E 0 1336 1 0.048040216 334 32
E 0 1337 1 0.048043723 335 32
E 0 1338 1 0.048047219 336 32
E 0 1339 1 0.048050726 337 32
E 0 1340 1 0.048054222 338 32
E 0 1341 1 0.048057719 339 32
E 0 1342 1 0.048061216 340 32
E 0 1343 1 0.048064712 341 32
E 0 1344 1 0.048068209 342 32
E 0 1345 1 0.048071715 343 32
E 0 1346 1 0.048075252 344 32
E 0 1347 1 0.048078808 345 32
E 0 1348 1 0.048082315 346 32
E 0 1349 1 0.048085801 347 32
E 0 1350 1 0.048089298 348 32
E 0 1351 1 0.048092785 349 32
E 0 1352 1 0.048096281 350 32
E 0 1353 1 0.048099788 351 32
E 0 1354 1 0.048103274 352 32
E 0 1355 1 0.048106771 353 32
E 0 1356 1 0.048110267 354 32
E 0 1357 1 0.048113804 355 32
E 0 1358 1 0.048117350 356 32
E 0 1359 1 0.048120847 357 32
E 0 1360 1 0.048124354 358 32
E 0 1361 1 0.048127850 359 32
E 0 1362 1 0.048131347 360 32
E 0 1363 1 0.048134843 361 32
E 0 1364 1 0.048138350 362 32
E 0 1365 1 0.048141826 363 32
E 0 1366 1 0.048145333 364 32
E 0 1367 1 0.048148829 365 32
E 0 1368 1 0.048152356 366 32
E 0 1369 1 0.048155913 367 32
E 0 1370 1 0.048159409 368 32
E 0 1371 1 0.048162906 369 32
E 0 1372 1 0.048166412 370 32
E 0 1373 1 0.048169899 371 32
E 0 1374 1 0.048173405 372 32
E 0 1375 1 0.048176902 373 32
E 0 1376 1 0.048180398 374 32
E 0 1377 1 0.048183905 375 32
E 0 1378 1 0.048187401 376 32
E 0 1379 1 0.048190948 377 32
E 0 1380 1 0.048194495 378 32
E 0 1381 1 0.048197991 379 32
E 0 1382 1 0.048201488 380 32
E 0 1383 1 0.048204984 381 32
E 0 1384 1 0.048208491 382 32
E 0 1385 1 0.048211987 383 32
E 0 1386 1 0.048215484 384 32
E 0 1387 1 0.048218991 385 32
E 0 1388 1 0.048222487 386 32
E 0 1389 1 0.048226104 387 32
E 0 1390 1 0.048229691 388 32
E 0 1391 1 0.048233247 389 32
E 0 1392 1 0.048236764 390 32
E 0 1393 1 0.048240260 391 32
E 0 1394 1 0.048243757 392 32
E 0 1395 1 0.048247253 393 32
E 0 1396 1 0.048250750 394 32
E 0 1397 1 0.048254236 395 32
E 0 1398 1 0.048257733 396 32
E 0 1399 1 0.048261240 397 32
E 0 1400 1 0.048264726 398 32
E 0 1401 1 0.048268233 399 32
E 0 1402 1 0.048271719 400 32
E 0 1403 1 0.048275226 401 32
E 0 1404 1 0.048278722 402 32
E 0 1405 1 0.048282209 403 32
E 0 1406 1 0.048285705 404 32
E 0 1407 1 0.048289202 405 32
E 0 1408 1 0.048292758 406 32
E 0 1409 1 0.048296325 407 32
E 0 1410 1 0.048299832 408 32
E 0 1411 1 0.048309129 409 32
E 0 1412 1 0.048312726 410 32
E 0 1413 1 0.048316202 411 32
E 0 1414 1 0.048319719 412 32
E 0 1415 1 0.048323205 413 32
E 0 1416 1 0.048326762 414 32
E 0 1417 1 0.048330289 415 32
E 0 1418 1 0.048333825 416 32
E 0 1419 1 0.048337322 417 32
E 0 1420 1 0.048340808 418 32
E 0 1421 1 0.048344295 419 32
E 0 1422 1 0.048347781 420 32
E 0 1423 1 0.048351268 421 32
E 0 1424 1 0.048354754 422 32
E 0 1425 1 0.048358251 423 32
E 0 1426 1 0.048361737 424 32
E 0 1427 1 0.048365234 425 32
E 0 1428 1 0.048368721 426 32
E 0 1429 1 0.048372197 427 32
E 0 1430 1 0.048375694 428 32
E 0 1431 1 0.048379190 429 32
E 0 1432 1 0.048382677 430 32
E 0 1433 1 0.048386885 431 32
E 0 1434 1 0.048391964 432 32
E 0 1435 1 0.048396803 433 32
E 0 1436 1 0.048409888 434 32
E 0 1437 1 0.048415338 435 32
E 0 1438 1 0.048419926 436 32
E 0 1439 1 0.048424365 437 32
E 0 1440 1 0.048429164 438 32
E 0 1441 1 0.048433953 439 32
E 0 1442 1 0.048439032 440 32
E 0 1443 1 0.048443500 441 32
E 0 1444 1 0.048448380 442 32
E 0 1445 1 0.048452908 443 32
E 0 1446 1 0.048457236 444 32
E 0 1447 1 0.048461915 445 32
E 0 1448 1 0.048466634 446 32
E 0 1449 1 0.048471843 447 32
E 0 1450 1 0.048476001 448 32
E 0 1451 1 0.048480730 449 32
E 0 1452 1 0.048486310 450 32
E 0 1453 1 0.048490949 451 32
E 0 1454 1 0.048495417 452 32
E 0 1455 1 0.048500026 453 32
E 0 1456 1 0.048504865 454 32
E 0 1457 1 0.048509263 455 32
E 0 1458 1 0.048513862 456 32
E 0 1459 1 0.048518370 457 32
E 0 1460 1 0.048522799 458 32
E 0 1461 1 0.048527197 459 32
E 0 1462 1 0.048531826 460 32
E 0 1463 1 0.048536244 461 32
E 0 1464 1 0.048540472 462 32
E 0 1465 1 0.048544619 463 32
E 0 1466 1 0.048548928 464 32
E 0 1467 1 0.048553246 465 32
E 0 1468 1 0.048560038 466 32
E 0 1469 1 0.048564366 467 32
E 0 1470 1 0.048569576 468 32
E 0 1471 1 0.048574305 469 32
E 0 1472 1 0.048578733 470 32
E 0 1473 1 0.048583733 471 32
E 0 1474 1 0.048588602 472 32
E 0 1475 1 0.048593040 473 32
E 0 1476 1 0.048597759 474 32
E 0 1477 1 0.048602257 475 32
E 0 1478 1 0.048606746 476 32
E 0 1479 1 0.048611074 477 32
E 0 1480 1 0.048615242 478 32
E 0 1481 1 0.048619429 479 32
E 0 1482 1 0.048624048 480 32
E 0 1483 1 0.048628807 481 32
E 0 1484 1 0.048633476 482 32
E 0 1485 1 0.048638235 483 32
E 0 1486 1 0.048643054 484 32
E 0 1487 1 0.048647602 485 32
E 0 1488 1 0.048651509 486 32
E 0 1489 1 0.048655076 487 32
E 0 1490 1 0.048658583 488 32
E 0 1491 1 0.048662089 489 32
E 0 1492 1 0.048665596 490 32
E 0 1493 1 0.048669102 491 32
E 0 1494 1 0.048672629 492 32
E 0 1495 1 0.048676145 493 32
E 0 1496 1 0.048679662 494 32
E 0 1497 1 0.048684180 495 32
E 0 1498 1 0.048687807 496 32
E 0 1499 1 0.048691374 497 32
E 0 1500 1 0.048694890 498 32
E 0 1501 1 0.048698417 499 32
E 0 1502 1 0.048701934 500 32
E 0 1503 1 0.048705450 501 32
E 0 1504 1 0.048708967 502 32
E 0 1505 1 0.048712483 503 32
E 0 1506 1 0.048716010 504 32
E 0 1507 1 0.048719537 505 32
E 0 1508 1 0.048723043 506 32
E 0 1509 1 0.048726650 507 32
E 0 1510 1 0.048730156 508 32
E 0 1511 1 0.048733683 509 32
E 0 1512 1 0.048737200 510 32
E 0 1513 1 0.048740716 511 32
E 0 1514 1 0.048744233 512 32
E 0 1515 1 0.048747749 513 32
E 0 1516 1 0.048751276 514 32
E 0 1517 1 0.048754782 515 32
E 0 1518 1 0.048758299 516 32
E 0 1519 1 0.048761816 517 32
E 0 1520 1 0.048765332 518 32
E 0 1521 1 0.048778367 519 32
E 0 1522 1 0.048782334 520 32
E 0 1523 1 0.048785991 521 32
E 0 1524 1 0.048789568 522 32
E 0 1525 1 0.048793094 523 32
E 0 1526 1 0.048796611 524 32
E 0 1527 1 0.048800117 525 32
E 0 1528 1 0.048803634 526 32
E 0 1529 1 0.048807170 527 32
E 0 1530 1 0.048810667 528 32
E 0 1531 1 0.048814194 529 32
E 0 1532 1 0.048817710 530 32
E 0 1533 1 0.048821217 531 32
E 0 1534 1 0.048824733 532 32
E 0 1535 1 0.048828250 533 32
E 0 1536 1 0.048831766 534 32
E 0 1537 1 0.048835293 535 32
E 0 1538 1 0.048838800 536 32
E 0 1539 1 0.048842326 537 32
E 0 1540 1 0.048845843 538 32
E 0 1541 1 0.048849490 539 32
E 0 1542 1 0.048853116 540 32
E 0 1543 1 0.048856693 541 32
E 0 1544 1 0.048860220 542 32
E 0 1545 1 0.048863746 543 32
E 0 1546 1 0.048867273 544 32
E 0 1547 1 0.048870799 545 32
E 0 1548 1 0.048881950 546 32
E 0 1549 1 0.048885557 547 32
E 0 1550 1 0.048889114 548 32
E 0 1551 1 0.048892640 549 32
E 0 1552 1 0.048896217 550 32
E 0 1553 1 0.048899764 551 32
E 0 1554 1 0.048903290 552 32
E 0 1555 1 0.048906837 553 32
E 0 1556 1 0.048910363 554 32
E 0 1557 1 0.048913900 555 32
E 0 1558 1 0.048917437 556 32
E 0 1559 1 0.048920983 557 32
E 0 1560 1 0.048924520 558 32
E 0 1561 1 0.048928067 559 32
E 0 1562 1 0.048931633 560 32
E 0 1563 1 0.048935230 561 32
E 0 1564 1 0.048940079 562 32
E 0 1565 1 0.048943876 563 32
E 0 1566 1 0.048947633 564 32
E 0 1567 1 0.048951380 565 32
E 0 1568 1 0.048955127 566 32
E 0 1569 1 0.048958874 567 32
E 0 1570 1 0.048962611 568 32
E 0 1571 1 0.048966378 569 32
E 0 1572 1 0.048970115 570 32
E 0 1573 1 0.048973852 571 32
E 0 1574 1 0.048977619 572 32
E 0 1575 1 0.048981366 573 32
E 0 1576 1 0.048985103 574 32
E 0 1577 1 0.048988850 575 32
E 0 1578 1 0.048992597 576 32
E 0 1579 1 0.048996705 577 32
E 0 1580 1 0.049001584 578 32
E 0 1581 1 0.049006914 579 32
E 0 1582 1 0.049011352 580 32
E 0 1583 1 0.049015610 581 32
E 0 1584 1 0.049020249 582 32
E 0 1585 1 0.049024637 583 32
E 0 1586 1 0.049029166 584 32
E 0 1587 1 0.049033995 585 32
E 0 1588 1 0.049039004 586 32
E 0 1589 1 0.049043633 587 32
E 0 1590 1 0.049048612 588 32
E 0 1591 1 0.049053180 589 32
E 0 1592 1 0.049058250 590 32
E 0 1593 1 0.049062448 591 32
E 0 1594 1 0.049066826 592 32
E 0 1595 1 0.049071565 593 32
E 0 1596 1 0.049076284 594 32
E 0 1597 1 0.049082014 595 32
E 0 1598 1 0.049086182 596 32
E 0 1599 1 0.049091272 597 32
E 0 1600 1 0.049096051 598 32
E 0 1601 1 0.049100549 599 32
E 0 1602 1 0.049104977 600 32
E 0 1603 1 0.049109606 601 32
E 0 1604 1 0.049114084 602 32
E 0 1605 1 0.049118412 603 32
E 0 1606 1 0.049122831 604 32
E 0 1607 1 0.049127439 605 32
E 0 1608 1 0.049132008 606 32
E 0 1609 1 0.049136596 607 32
E 0 1610 1 0.049141656 608 32
E 0 1611 1 0.049145804 609 32
E 0 1612 1 0.049149340 610 32
E 0 1613 1 0.049152827 611 32
E 0 1614 1 0.049156323 612 32
E 0 1615 1 0.049159820 613 32
E 0 1616 1 0.049163316 614 32
E 0 1617 1 0.049166803 615 32
E 0 1618 1 0.049170299 616 32
E 0 1619 1 0.049173836 617 32
E 0 1620 1 0.049177403 618 32
E 0 1621 1 0.049180889 619 32
E 0 1622 1 0.049184396 620 32
E 0 1623 1 0.049187882 621 32
E 0 1624 1 0.049191369 622 32
E 0 1625 1 0.049194865 623 32
E 0 1626 1 0.049198362 624 32
E 0 1627 1 0.049201848 625 32
E 0 1628 1 0.049205415 626 32
E 0 1629 1 0.049208962 627 32
E 0 1630 1 0.049212468 628 32
E 0 1631 1 0.049215955 629 32
E 0 1632 1 0.049219451 630 32
E 0 1633 1 0.049222948 631 32
E 0 1634 1 0.049226444 632 32
E 0 1635 1 0.049229931 633 32
E 0 1636 1 0.049233428 634 32
E 0 1637 1 0.049236914 635 32
E 0 1638 1 0.049240441 636 32
E 0 1639 1 0.049244178 637 32
E 0 1640 1 0.049247694 638 32
E 0 1641 1 0.049251201 639 32
E 0 1642 1 0.049254697 640 32
E 0 1643 1 0.049258194 641 32
E 0 1644 1 0.049261690 642 32
E 0 1645 1 0.049265177 643 32
E 0 1646 1 0.049268673 644 32
E 0 1647 1 0.049272941 645 32
E 0 1648 1 0.049276528 646 32
E 0 1649 1 0.049280095 647 32
E 0 1650 1 0.049283611 648 32
E 0 1651 1 0.049287128 649 32
E 0 1652 1 0.049290624 650 32
E 0 1653 1 0.049294121 651 32
E 0 1654 1 0.049297618 652 32
E 0 1655 1 0.049301114 653 32
E 0 1656 1 0.049304611 654 32
E 0 1657 1 0.049308107 655 32
E 0 1658 1 0.049311604 656 32
E 0 1659 1 0.049315100 657 32
E 0 1660 1 0.049318597 658 32
E 0 1661 1 0.049322093 659 32
E 0 1662 1 0.049325590 660 32
E 0 1663 1 0.049329086 661 32
E 0 1664 1 0.049332583 662 32
E 0 1665 1 0.049336079 663 32
E 0 1666 1 0.049339626 664 32
E 0 1667 1 0.049343183 665 32
E 0 1668 1 0.049346679 666 32
E 0 1669 1 0.049350176 667 32
E 0 1670 1 0.049353682 668 32
E 0 1671 1 0.049357169 669 32
E 0 1672 1 0.049360655 670 32
E 0 1673 1 0.049364162 671 32
E 0 1674 1 0.049367669 672 32
E 0 1675 1 0.049371165 673 32
E 0 1676 1 0.049374692 674 32
E 0 1677 1 0.049378238 675 32
E 0 1678 1 0.049381745 676 32
E 0 1679 1 0.049385251 677 32
E 0 1680 1 0.049388738 678 32
E 0 1681 1 0.049392234 679 32
E 0 1682 1 0.049395721 680 32
E 0 1683 1 0.049399228 681 32
E 0 1684 1 0.049412392 682 32
E 0 1685 1 0.049415959 683 32
E 0 1686 1 0.049419445 684 32
E 0 1687 1 0.049422952 685 32
E 0 1688 1 0.049426438 686 32
E 0 1689 1 0.049429935 687 32
E 0 1690 1 0.049433432 688 32
E 0 1691 1 0.049436918 689 32
E 0 1692 1 0.049440435 690 32
E 0 1693 1 0.049443961 691 32
E 0 1694 1 0.049447518 692 32
E 0 1695 1 0.049451014 693 32
E 0 1696 1 0.049454501 694 32
E 0 1697 1 0.049457987 695 32
E 0 1698 1 0.049461484 696 32
E 0 1699 1 0.049464981 697 32
E 0 1700 1 0.049468467 698 32
E 0 1701 1 0.049471964 699 32
E 0 1702 1 0.049475450 700 32
E 0 1703 1 0.049478947 701 32
E 0 1704 1 0.049482433 702 32
E 0 1705 1 0.049485930 703 32
E 0 1706 1 0.049489416 704 32
E 0 1707 1 0.049492913 705 32
E 0 1708 1 0.049496459 706 32
E 0 1709 1 0.049500016 707 32
E 0 1710 1 0.049503513 708 32
E 0 1711 1 0.049506999 709 32
E 0 1712 1 0.049510486 710 32
E 0 1713 1 0.049513982 711 32
E 0 1714 1 0.049517469 712 32
E 0 1715 1 0.049520965 713 32
E 0 1716 1 0.049524452 714 32
E 0 1717 1 0.049527958 715 32
E 0 1718 1 0.049531485 716 32
E 0 1719 1 0.049535042 717 32
E 0 1720 1 0.049538528 718 32
E 0 1721 1 0.049542035 719 32
E 0 1722 1 0.049545511 720 32
E 0 1723 1 0.049549018 721 32
E 0 1724 1 0.049552504 722 32
E 0 1725 1 0.049556001 723 32
E 0 1726 1 0.049559487 724 32
E 0 1727 1 0.049563024 725 32
E 0 1728 1 0.049566571 726 32
E 0 1729 1 0.049570127 727 32
E 0 1730 1 0.049573614 728 32
E 0 1731 1 0.049577110 729 32
E 0 1732 1 0.049580587 730 32
E 0 1733 1 0.049584083 731 32
E 0 1734 1 0.049587570 732 32
E 0 1735 1 0.049591076 733 32
E 0 1736 1 0.049598791 734 32
E 0 1737 1 0.049602377 735 32
E 0 1738 1 0.049605884 736 32
E 0 1739 1 0.049609381 737 32
E 0 1740 1 0.049612877 738 32
E 0 1741 1 0.049616354 739 32
E 0 1742 1 0.049619860 740 32
E 0 1743 1 0.049623357 741 32
E 0 1744 1 0.049626853 742 32
E 0 1745 1 0.049630430 743 32
E 0 1746 1 0.049633987 744 32
E 0 1747 1 0.049637503 745 32
E 0 1748 1 0.049641010 746 32
E 0 1749 1 0.049644496 747 32
E 0 1750 1 0.049648003 748 32
E 0 1751 1 0.049651499 749 32
E 0 1752 1 0.049655006 750 32
E 0 1753 1 0.049658502 751 32
E 0 1754 1 0.049662039 752 32
E 0 1755 1 0.049665606 753 32
E 0 1756 1 0.049669102 754 32
E 0 1757 1 0.049672599 755 32
E 0 1758 1 0.049676095 756 32
E 0 1759 1 0.049679592 757 32
E 0 1760 1 0.049683088 758 32
E 0 1761 1 0.049686595 759 32
E 0 1762 1 0.049690232 760 32
E 0 1763 1 0.049693808 761 32
E 0 1764 1 0.049697365 762 32
E 0 1765 1 0.049700862 763 32
E 0 1766 1 0.049704368 764 32
E 0 1767 1 0.049707865 765 32
E 0 1768 1 0.049711361 766 32
E 0 1769 1 0.049714858 767 32
E 0 1770 1 0.049718364 768 32
E 0 1771 1 0.049721871 769 32
E 0 1772 1 0.049725377 770 32
E 0 1773 1 0.049728864 771 32
E 0 1774 1 0.049732361 772 32
E 0 1775 1 0.049735857 773 32
E 0 1776 1 0.049739354 774 32
E 0 1777 1 0.049742880 775 32
E 0 1778 1 0.049746377 776 32
E 0 1779 1 0.049749913 777 32
E 0 1780 1 0.049753470 778 32
E 0 1781 1 0.049756967 779 32
E 0 1782 1 0.049760463 780 32
E 0 1783 1 0.049763960 781 32
E 0 1784 1 0.049767466 782 32
E 0 1785 1 0.049770963 783 32
E 0 1786 1 0.049774469 784 32
E 0 1787 1 0.049778006 785 32
E 0 1788 1 0.049781563 786 32
E 0 1789 1 0.049785049 787 32
E 0 1790 1 0.049788556 788 32
E 0 1791 1 0.049792052 789 32
E 0 1792 1 0.049795549 790 32
E 0 1793 1 0.049799045 791 32
E 0 1794 1 0.049802542 792 32
E 0 1795 1 0.049806058 793 32
E 0 1796 1 0.049809625 794 32
E 0 1797 1 0.049813112 795 32
E 0 1798 1 0.049816618 796 32
E 0 1799 1 0.049820115 797 32
E 0 1800 1 0.049823611 798 32
E 0 1801 1 0.049827108 799 32
E 0 1802 1 0.049830604 800 32
E 0 1803 1 0.049834231 801 32
E 0 1804 1 0.049837828 802 32
E 0 1805 1 0.049841374 803 32
E 0 1806 1 0.049844891 804 32
E 0 1807 1 0.049848398 805 32
E 0 1808 1 0.049851894 806 32
E 0 1809 1 0.049855381 807 32
E 0 1810 1 0.049858877 808 32
E 0 1811 1 0.049862384 809 32
E 0 1812 1 0.049865880 810 32
E 0 1813 1 0.049869367 811 32
E 0 1814 1 0.049872873 812 32
E 0 1815 1 0.049876370 813 32
E 0 1816 1 0.049879866 814 32
E 0 1817 1 0.049883363 815 32
E 0 1818 1 0.049886859 816 32
E 0 1819 1 0.049890356 817 32
E 0 1820 1 0.049893893 818 32
E 0 1821 1 0.049903661 819 32
E 0 1822 1 0.049907238 820 32
E 0 1823 1 0.049910774 821 32
E 0 1824 1 0.049914291 822 32
E 0 1825 1 0.049917827 823 32
E 0 1826 1 0.049921654 824 32
E 0 1827 1 0.049925281 825 32
E 0 1828 1 0.049928818 826 32
E 0 1829 1 0.049932314 827 32
E 0 1830 1 0.049935821 828 32
E 0 1831 1 0.049939328 829 32
E 0 1832 1 0.049942844 830 32
E 0 1833 1 0.049946351 831 32
E 0 1834 1 0.049949867 832 32
E 0 1835 1 0.049953384 833 32
E 0 1836 1 0.049956890 834 32
E 0 1837 1 0.049960397 835 32
E 0 1838 1 0.049963904 836 32
E 0 1839 1 0.049967410 837 32
E 0 1840 1 0.049970917 838 32
E 0 1841 1 0.049974423 839 32
E 0 1842 1 0.049977930 840 32
E 0 1843 1 0.049981426 841 32
E 0 1844 1 0.049984943 842 32
E 0 1845 1 0.049988439 843 32
E 0 1846 1 0.049991956 844 32
E 0 1847 1 0.049995483 845 32
E 0 1848 1 0.049999069 846 32
E 0 1849 1 0.050002576 847 32
E 0 1850 1 0.050006082 848 32
E 0 1851 1 0.050009589 849 32
E 0 1852 1 0.050013095 850 32
E 0 1853 1 0.050016592 851 32
E 0 1854 1 0.050020109 852 32
E 0 1855 1 0.050023655 853 32
E 0 1856 1 0.050027232 854 32
E 0 1857 1 0.050030749 855 32
E 0 1858 1 0.050034255 856 32
E 0 1859 1 0.050037852 857 32
E 0 1860 1 0.050041368 858 32
E 0 1861 1 0.050044875 859 32
E 0 1862 1 0.050048381 860 32
E 0 1863 1 0.050051938 861 32
E 0 1864 1 0.050055515 862 32
E 0 1865 1 0.050059031 863 32
E 0 1866 1 0.050062548 864 32
E 0 1867 1 0.050066055 865 32
E 0 1868 1 0.050069561 866 32
E 0 1869 1 0.050073068 867 32
E 0 1870 1 0.050076584 868 32
E 0 1871 1 0.050080101 869 32
E 0 1872 1 0.050083637 870 32
E 0 1873 1 0.050087214 871 32
E 0 1874 1 0.050090721 872 32
E 0 1875 1 0.050094237 873 32
E 0 1876 1 0.050097744 874 32
E 0 1877 1 0.050101240 875 32
E 0 1878 1 0.050104757 876 32
E 0 1879 1 0.050108253 877 32
E 0 1880 1 0.050111800 878 32
E 0 1881 1 0.050145804 879 32
E 0 1882 1 0.050153197 880 32
E 0 1883 1 0.050156734 881 32
E 0 1884 1 0.050160311 882 32
E 0 1885 1 0.050163787 883 32
E 0 1886 1 0.050167544 884 32
E 0 1887 1 0.050171051 885 32
E 0 1888 1 0.050174587 886 32
E 0 1889 1 0.050178084 887 32
E 0 1890 1 0.050181571 888 32
E 0 1891 1 0.050185057 889 32
E 0 1892 1 0.050188544 890 32
E 0 1893 1 0.050192040 891 32
E 0 1894 1 0.050195517 892 32
E 0 1895 1 0.050199003 893 32
E 0 1896 1 0.050202480 894 32
E 0 1897 1 0.050205966 895 32
E 0 1898 1 0.050209443 896 32
E 0 1899 1 0.050212929 897 32
E 0 1900 1 0.050216406 898 32
E 0 1901 1 0.050219882 899 32
E 0 1902 1 0.050223359 900 32
E 0 1903 1 0.050226885 901 32
E 0 1904 1 0.050230442 902 32
E 0 1905 1 0.050233928 903 32
E 0 1906 1 0.050237405 904 32
E 0 1907 1 0.050240891 905 32
E 0 1908 1 0.050244368 906 32
E 0 1909 1 0.050247844 907 32
E 0 1910 1 0.050251321 908 32
E 0 1911 1 0.050254838 909 32
E 0 1912 1 0.050258354 910 32
E 0 1913 1 0.050261841 911 32
E 0 1914 1 0.050265327 912 32
E 0 1915 1 0.050268804 913 32
E 0 1916 1 0.050272280 914 32
E 0 1917 1 0.050275767 915 32
E 0 1918 1 0.050279253 916 32
E 0 1919 1 0.050282790 917 32
E 0 1920 1 0.050286326 918 32
E 0 1921 1 0.050289823 919 32
E 0 1922 1 0.050293309 920 32
E 0 1923 1 0.050296786 921 32
E 0 1924 1 0.050300262 922 32
E 0 1925 1 0.050303759 923 32
E 0 1926 1 0.050307236 924 32
E 0 1927 1 0.050311033 925 32
E 0 1928 1 0.050314609 926 32
E 0 1929 1 0.050318166 927 32
E 0 1930 1 0.050321663 928 32
E 0 1931 1 0.050325149 929 32
E 0 1932 1 0.050328636 930 32
E 0 1933 1 0.050332122 931 32
E 0 1934 1 0.050335619 932 32
E 0 1935 1 0.050339105 933 32
E 0 1936 1 0.050342592 934 32
E 0 1937 1 0.050346078 935 32
E 0 1938 1 0.050349575 936 32
E 0 1939 1 0.050353061 937 32
E 0 1940 1 0.050356558 938 32
E 0 1941 1 0.050360044 939 32
E 0 1942 1 0.050363541 940 32
E 0 1943 1 0.050367037 941 32
E 0 1944 1 0.050370524 942 32
E 0 1945 1 0.050374020 943 32
E 0 1946 1 0.050377577 944 32
E 0 1947 1 0.050381094 945 32
E 0 1948 1 0.050384650 946 32
E 0 1949 1 0.050388147 947 32
E 0 1950 1 0.050391643 948 32
E 0 1951 1 0.050395130 949 32
E 0 1952 1 0.050405479 950 32
E 0 1953 1 0.050409056 951 32
E 0 1954 1 0.050412542 952 32
E 0 1955 1 0.050416039 953 32
E 0 1956 1 0.050419536 954 32
E 0 1957 1 0.050429634 955 32
E 0 1958 1 0.050433251 956 32
E 0 1959 1 0.050436908 957 32
E 0 1960 1 0.050440415 958 32
E 0 1961 1 0.050443921 959 32
E 0 1962 1 0.050447418 960 32
E 0 1963 1 0.050450934 961 32
E 0 1964 1 0.050454431 962 32
E 0 1965 1 0.050457927 963 32
E 0 1966 1 0.050461434 964 32
E 0 1967 1 0.050464940 965 32
E 0 1968 1 0.050468437 966 32
E 0 1969 1 0.050471944 967 32
E 0 1970 1 0.050475450 968 32
E 0 1971 1 0.050478957 969 32
E 0 1972 1 0.050482463 970 32
E 0 1973 1 0.050485960 971 32
E 0 1974 1 0.050489466 972 32
E 0 1975 1 0.050492973 973 32
E 0 1976 1 0.050496469 974 32
E 0 1977 1 0.050499976 975 32
E 0 1978 1 0.050503483 976 32
E 0 1979 1 0.050506989 977 32
E 0 1980 1 0.050510486 978 32
E 0 1981 1 0.050513992 979 32
E 0 1982 1 0.050517489 980 32
E 0 1983 1 0.050520995 981 32
E 0 1984 1 0.050524502 982 32
E 0 1985 1 0.050528008 983 32
E 0 1986 1 0.050531505 984 32
E 0 1987 1 0.050535021 985 32
E 0 1988 1 0.050538528 986 32
E 0 1989 1 0.050542025 987 32
E 0 1990 1 0.050545541 988 32
E 0 1991 1 0.050549068 989 32
E 0 1992 1 0.050553145 990 32
E 0 1993 1 0.050556892 991 32
E 0 1994 1 0.050560629 992 32
E 0 1995 1 0.050564356 993 32
E 0 1996 1 0.050568083 994 32
E 0 1997 1 0.050571790 995 32
E 0 1998 1 0.050575517 996 32
E 0 1999 1 0.050579234 997 32
E 0 2000 1 0.050582951 998 32
E 0 2001 1 0.050586688 999 32
E 0 2002 2 0.070879878 0 32
E 0 2003 2 0.070894496 1 32
E 0 2004 2 0.070898343 2 32
E 0 2005 2 0.070902000 3 32
E 0 2006 2 0.070905707 4 32
E 0 2007 2 0.070909313 5 32
E 0 2008 2 0.070912920 6 32
E 0 2009 2 0.070916527 7 32
E 0 2010 2 0.070920114 8 32
E 0 2011 2 0.070923680 9 32
E 0 2012 2 0.070927267 10 32
E 0 2013 2 0.070930894 11 32
E 0 2014 2 0.070934671 12 32
E 0 2015 2 0.070938268 13 32
E 0 2016 2 0.070941844 14 32
E 0 2017 2 0.070945421 15 32
E 0 2018 2 0.070948988 16 32
E 0 2019 2 0.070952554 17 32
E 0 2020 2 0.070956121 18 32
E 0 2021 2 0.070959698 19 32
E 0 2022 2 0.070963264 20 32
E 0 2023 2 0.070966831 21 32
E 0 2024 2 0.070970398 22 32
E 0 2025 2 0.070973964 23 32
E 0 2026 2 0.070977531 24 32
E 0 2027 2 0.070981098 25 32
E 0 2028 2 0.070984664 26 32
E 0 2029 2 0.070988241 27 32
E 0 2030 2 0.070991808 28 32
E 0 2031 2 0.070995374 29 32
E 0 2032 2 0.070998931 30 32
E 0 2033 2 0.071002498 31 32
E 0 2034 2 0.071006074 32 32
E 0 2035 2 0.071009641 33 32
E 0 2036 2 0.071013208 34 32
E 0 2037 2 0.071016774 35 32
E 0 2038 2 0.071020351 36 32
E 0 2039 2 0.071023918 37 32
E 0 2040 2 0.071027474 38 32
E 0 2041 2 0.071031041 39 32
E 0 2042 2 0.071034618 40 32
E 0 2043 2 0.071038184 41 32
E 0 2044 2 0.071041751 42 32
E 0 2045 2 0.071045618 43 32
E 0 2046 2 0.071049355 44 32
E 0 2047 2 0.071053022 45 32
E 0 2048 2 0.071056599 46 32
E 0 2049 2 0.071060176 47 32
E 0 2050 2 0.071063742 48 32
E 0 2051 2 0.071067670 49 32
E 0 2052 2 0.071073070 50 32
E 0 2053 2 0.071077939 51 32
E 0 2054 2 0.071082147 52 32
E 0 2055 2 0.071086625 53 32
E 0 2056 2 0.071090903 54 32
E 0 2057 2 0.071095562 55 32
E 0 2058 2 0.071100100 56 32
E 0 2059 2 0.071104408 57 32
E 0 2060 2 0.071109097 58 32
E 0 2061 2 0.071114257 59 32
E 0 2062 2 0.071118445 60 32
E 0 2063 2 0.071122292 61 32
E 0 2064 2 0.071126109 62 32
E 0 2065 2 0.071129696 63 32
E 0 2066 2 0.071133282 64 32
E 0 2067 2 0.071136869 65 32
E 0 2068 2 0.071140436 66 32
E 0 2069 2 0.071144012 67 32
E 0 2070 2 0.071147589 68 32
E 0 2071 2 0.071151256 69 32
E 0 2072 2 0.071154883 70 32
E 0 2073 2 0.071158459 71 32
E 0 2074 2 0.071162036 72 32
E 0 2075 2 0.071165613 73 32
E 0 2076 2 0.071169179 74 32
E 0 2077 2 0.071172756 75 32
E 0 2078 2 0.071176333 76 32
E 0 2079 2 0.071179899 77 32
E 0 2080 2 0.071183466 78 32
E 0 2081 2 0.071187063 79 32
E 0 2082 2 0.071190670 80 32
E 0 2083 2 0.071194326 81 32
E 0 2084 2 0.071197903 82 32
E 0 2085 2 0.071201470 83 32
E 0 2086 2 0.071309241 84 32
E 0 2087 2 0.071316735 85 32
E 0 2088 2 0.071320723 86 32
E 0 2089 2 0.071324350 87 32
E 0 2090 2 0.071327926 88 32
E 0 2091 2 0.071331493 89 32
E 0 2092 2 0.071335060 90 32
E 0 2093 2 0.071338947 91 32
E 0 2094 2 0.071344157 92 32
E 0 2095 2 0.071348956 93 32
E 0 2096 2 0.071360126 94 32
E 0 2097 2 0.071388650 95 32
E 0 2098 2 0.071393840 96 32
E 0 2099 2 0.071398288 97 32
E 0 2100 2 0.071403468 98 32
E 0 2101 2 0.071408317 99 32
E 0 2102 2 0.071412344 100 32
E 0 2103 2 0.071416161 101 32
E 0 2104 2 0.071420028 102 32
E 0 2105 2 0.071423715 103 32
E 0 2106 2 0.071427312 104 32
E 0 2107 2 0.071430909 105 32
E 0 2108 2 0.071434546 106 32
E 0 2109 2 0.071438142 107 32
E 0 2110 2 0.071441719 108 32
E 0 2111 2 0.071445296 109 32
E 0 2112 2 0.071448862 110 32
E 0 2113 2 0.071452469 111 32
E 0 2114 2 0.071456066 112 32
E 0 2115 2 0.071459643 113 32
E 0 2116 2 0.071463219 114 32
E 0 2117 2 0.071466806 115 32
E 0 2118 2 0.071470383 116 32
E 0 2119 2 0.071473959 117 32
E 0 2120 2 0.071477536 118 32
E 0 2121 2 0.071481113 119 32
E 0 2122 2 0.071484689 120 32
E 0 2123 2 0.071488276 121 32
E 0 2124 2 0.071491843 122 32
E 0 2125 2 0.071495429 123 32
E 0 2126 2 0.071499006 124 32
E 0 2127 2 0.071502573 125 32
E 0 2128 2 0.071506230 126 32
E 0 2129 2 0.071509856 127 32
E 0 2130 2 0.071513493 128 32
E 0 2131 2 0.071517070 129 32
E 0 2132 2 0.071520657 130 32
E 0 2133 2 0.071524233 131 32
E 0 2134 2 0.071527810 132 32
E 0 2135 2 0.071531387 133 32
E 0 2136 2 0.071534963 134 32
E 0 2137 2 0.071538540 135 32
E 0 2138 2 0.071542157 136 32
E 0 2139 2 0.071546214 137 32
E 0 2140 2 0.071549811 138 32
E 0 2141 2 0.071553388 139 32
E 0 2142 2 0.071556965 140 32
E 0 2143 2 0.071560541 141 32
E 0 2144 2 0.071564118 142 32
E 0 2145 2 0.071567695 143 32
E 0 2146 2 0.071571261 144 32
E 0 2147 2 0.071574848 145 32
E 0 2148 2 0.071578465 146 32
E 0 2149 2 0.071582102 147 32
E 0 2150 2 0.071585678 148 32
E 0 2151 2 0.071589255 149 32
E 0 2152 2 0.071592832 150 32
E 0 2153 2 0.071596408 151 32
E 0 2154 2 0.071599985 152 32
E 0 2155 2 0.071603572 153 32
E 0 2156 2 0.071607148 154 32
E 0 2157 2 0.071610805 155 32
E 0 2158 2 0.071614442 156 32
E 0 2159 2 0.071618039 157 32
E 0 2160 2 0.071621615 158 32
E 0 2161 2 0.071625182 159 32
E 0 2162 2 0.071628759 160 32
E 0 2163 2 0.071632335 161 32
E 0 2164 2 0.071635912 162 32
E 0 2165 2 0.071639499 163 32
E 0 2166 2 0.071643066 164 32
E 0 2167 2 0.071646672 165 32
E 0 2168 2 0.071650429 166 32
E 0 2169 2 0.071654036 167 32
E 0 2170 2 0.071657613 168 32
E 0 2171 2 0.071661189 169 32
E 0 2172 2 0.071664766 170 32
E 0 2173 2 0.071673703 171 32
E 0 2174 2 0.071677340 172 32
E 0 2175 2 0.071680956 173 32
E 0 2176 2 0.071684613 174 32
E 0 2177 2 0.071688210 175 32
E 0 2178 2 0.071691797 176 32
E 0 2179 2 0.071695373 177 32
E 0 2180 2 0.071698970 178 32
E 0 2181 2 0.071702547 179 32
E 0 2182 2 0.071706164 180 32
E 0 2183 2 0.071709730 181 32
E 0 2184 2 0.071713397 182 32
E 0 2185 2 0.071717014 183 32
E 0 2186 2 0.071720671 184 32
E 0 2187 2 0.071724267 185 32
E 0 2188 2 0.071727854 186 32
E 0 2189 2 0.071731431 187 32
E 0 2190 2 0.071735018 188 32
E 0 2191 2 0.071738584 189 32
E 0 2192 2 0.071742171 190 32
E 0 2193 2 0.071745738 191 32
E 0 2194 2 0.071749374 192 32
E 0 2195 2 0.071753021 193 32
E 0 2196 2 0.071756618 194 32
E 0 2197 2 0.071760195 195 32
E 0 2198 2 0.071763771 196 32
E 0 2199 2 0.071767338 197 32
E 0 2200 2 0.071770925 198 32
E 0 2201 2 0.071774501 199 32
E 0 2202 2 0.071778078 200 32
E 0 2203 2 0.071781655 201 32
E 0 2204 2 0.071785261 202 32
E 0 2205 2 0.071788908 203 32
E 0 2206 2 0.071792495 204 32
E 0 2207 2 0.071796062 205 32
E 0 2208 2 0.071799648 206 32
E 0 2209 2 0.071803225 207 32
E 0 2210 2 0.071806802 208 32
E 0 2211 2 0.071810378 209 32
E 0 2212 2 0.071813955 210 32
E 0 2213 2 0.071817552 211 32
E 0 2214 2 0.071821159 212 32
E 0 2215 2 0.071824795 213 32
E 0 2216 2 0.071828392 214 32
E 0 2217 2 0.071831969 215 32
E 0 2218 2 0.071835556 216 32
E 0 2219 2 0.071839132 217 32
E 0 2220 2 0.071842719 218 32
E 0 2221 2 0.071846296 219 32
E 0 2222 2 0.071849882 220 32
E 0 2223 2 0.071853509 221 32
E 0 2224 2 0.071857166 222 32
E 0 2225 2 0.071860753 223 32
E 0 2226 2 0.071864329 224 32
E 0 2227 2 0.071867906 225 32
E 0 2228 2 0.071871483 226 32
E 0 2229 2 0.071875059 227 32
E 0 2230 2 0.071878636 228 32
E 0 2231 2 0.071882193 229 32
E 0 2232 2 0.071885769 230 32
E 0 2233 2 0.071889386 231 32
E 0 2234 2 0.071899585 232 32
E 0 2235 2 0.071903252 233 32
E 0 2236 2 0.071906859 234 32
E 0 2237 2 0.071910446 235 32
E 0 2238 2 0.071914052 236 32
E 0 2239 2 0.071917629 237 32
E 0 2240 2 0.071921236 238 32
E 0 2241 2 0.071924852 239 32
E 0 2242 2 0.071928499 240 32
E 0 2243 2 0.071932106 241 32
E 0 2244 2 0.071935693 242 32
E 0 2245 2 0.071939289 243 32
E 0 2246 2 0.071942876 244 32
E 0 2247 2 0.071946463 245 32
E 0 2248 2 0.071950050 246 32
E 0 2249 2 0.071953636 247 32
E 0 2250 2 0.071957233 248 32
E 0 2251 2 0.071960830 249 32
E 0 2252 2 0.071964416 250 32
E 0 2253 2 0.071968003 251 32
E 0 2254 2 0.071971590 252 32
E 0 2255 2 0.071975167 253 32
E 0 2256 2 0.071978763 254 32
E 0 2257 2 0.071982360 255 32
E 0 2258 2 0.071985947 256 32
E 0 2259 2 0.071989553 257 32
E 0 2260 2 0.071993140 258 32
E 0 2261 2 0.071996737 259 32
E 0 2262 2 0.072000324 260 32
E 0 2263 2 0.072003910 261 32
E 0 2264 2 0.072007497 262 32
E 0 2265 2 0.072011124 263 32
E 0 2266 2 0.072014771 264 32
E 0 2267 2 0.072018377 265 32
E 0 2268 2 0.072021964 266 32
E 0 2269 2 0.072025551 267 32
E 0 2270 2 0.072029148 268 32
E 0 2271 2 0.072032734 269 32
E 0 2272 2 0.072036341 270 32
E 0 2273 2 0.072039928 271 32
E 0 2274 2 0.072043524 272 32
E 0 2275 2 0.072047141 273 32
E 0 2276 2 0.072050788 274 32
E 0 2277 2 0.072054385 275 32
E 0 2278 2 0.072057971 276 32
E 0 2279 2 0.072061558 277 32
E 0 2280 2 0.072065155 278 32
E 0 2281 2 0.072068742 279 32
E 0 2282 2 0.072072328 280 32
E 0 2283 2 0.072075925 281 32
E 0 2284 2 0.072079812 282 32
E 0 2285 2 0.072083489 283 32
E 0 2286 2 0.072087086 284 32
E 0 2287 2 0.072090673 285 32
E 0 2288 2 0.072094269 286 32
E 0 2289 2 0.072097856 287 32
E 0 2290 2 0.072101443 288 32
E 0 2291 2 0.072105039 289 32
E 0 2292 2 0.072108636 290 32
E 0 2293 2 0.072112243 291 32
E 0 2294 2 0.072115870 292 32
E 0 2295 2 0.072119527 293 32
E 0 2296 2 0.072123123 294 32
E 0 2297 2 0.072126720 295 32
E 0 2298 2 0.072130317 296 32
E 0 2299 2 0.072133913 297 32
E 0 2300 2 0.072137510 298 32
E 0 2301 2 0.072141107 299 32
E 0 2302 2 0.072144704 300 32
E 0 2303 2 0.072148491 301 32
E 0 2304 2 0.072152178 302 32
E 0 2305 2 0.072155854 303 32
E 0 2306 2 0.072159461 304 32
E 0 2307 2 0.072163058 305 32
E 0 2308 2 0.072166665 306 32
E 0 2309 2 0.072170261 307 32
E 0 2310 2 0.072173858 308 32
E 0 2311 2 0.072177455 309 32
E 0 2312 2 0.072181052 310 32
E 0 2313 2 0.072184648 311 32
E 0 2314 2 0.072188245 312 32
E 0 2315 2 0.072191852 313 32
E 0 2316 2 0.072195459 314 32
E 0 2317 2 0.072199055 315 32
E 0 2318 2 0.072202662 316 32
E 0 2319 2 0.072206259 317 32
E 0 2320 2 0.072209865 318 32
E 0 2321 2 0.072213462 319 32
E 0 2322 2 0.072217089 320 32
E 0 2323 2 0.072220746 321 32
E 0 2324 2 0.072224353 322 32
E 0 2325 2 0.072227949 323 32
E 0 2326 2 0.072231556 324 32
E 0 2327 2 0.072235143 325 32
E 0 2328 2 0.072238749 326 32
E 0 2329 2 0.072242336 327 32
E 0 2330 2 0.072245943 328 32
E 0 2331 2 0.072249540 329 32
E 0 2332 2 0.072253166 330 32
E 0 2333 2 0.072256843 331 32
E 0 2334 2 0.072260450 332 32
E 0 2335 2 0.072264037 333 32
E 0 2336 2 0.072267633 334 32
E 0 2337 2 0.072271230 335 32
E 0 2338 2 0.072274827 336 32
E 0 2339 2 0.072278424 337 32
E 0 2340 2 0.072282020 338 32
E 0 2341 2 0.072285747 339 32
E 0 2342 2 0.072289434 340 32
E 0 2343 2 0.072293101 341 32
E 0 2344 2 0.072296708 342 32
E 0 2345 2 0.072300315 343 32
E 0 2346 2 0.072303921 344 32
E 0 2347 2 0.072307528 345 32
E 0 2348 2 0.072311125 346 32
E 0 2349 2 0.072314742 347 32
E 0 2350 2 0.072318338 348 32
E 0 2351 2 0.072321935 349 32
E 0 2352 2 0.072325542 350 32
E 0 2353 2 0.072329149 351 32
E 0 2354 2 0.072332745 352 32
E 0 2355 2 0.072336352 353 32
E 0 2356 2 0.072339959 354 32
E 0 2357 2 0.072343565 355 32
E 0 2358 2 0.072347162 356 32
E 0 2359 2 0.072350759 357 32
E 0 2360 2 0.072354406 358 32
E 0 2361 2 0.072358073 359 32
E 0 2362 2 0.072361679 360 32
E 0 2363 2 0.072365286 361 32
E 0 2364 2 0.072368893 362 32
E 0 2365 2 0.072372490 363 32
E 0 2366 2 0.072376086 364 32
E 0 2367 2 0.072379673 365 32
E 0 2368 2 0.072383280 366 32
E 0 2369 2 0.072386886 367 32
E 0 2370 2 0.072390503 368 32
E 0 2371 2 0.072399991 369 32
E 0 2372 2 0.072403658 370 32
E 0 2373 2 0.072407255 371 32
E 0 2374 2 0.072410841 372 32
E 0 2375 2 0.072414428 373 32
E 0 2376 2 0.072418025 374 32
E 0 2377 2 0.072421682 375 32
E 0 2378 2 0.072425298 376 32
E 0 2379 2 0.072428955 377 32
E 0 2380 2 0.072432542 378 32
E 0 2381 2 0.072436139 379 32
E 0 2382 2 0.072439725 380 32
E 0 2383 2 0.072443302 381 32
E 0 2384 2 0.072446899 382 32
E 0 2385 2 0.072450475 383 32
E 0 2386 2 0.072454062 384 32
E 0 2387 2 0.072457659 385 32
E 0 2388 2 0.072461246 386 32
E 0 2389 2 0.072469471 387 32
E 0 2390 2 0.072473168 388 32
E 0 2391 2 0.072476734 389 32
E 0 2392 2 0.072480321 390 32
E 0 2393 2 0.072483908 391 32
E 0 2394 2 0.072487485 392 32
E 0 2395 2 0.072491081 393 32
E 0 2396 2 0.072494648 394 32
E 0 2397 2 0.072498245 395 32
E 0 2398 2 0.072501831 396 32
E 0 2399 2 0.072505408 397 32
E 0 2400 2 0.072509015 398 32
E 0 2401 2 0.072512632 399 32
E 0 2402 2 0.072516288 400 32
E 0 2403 2 0.072519885 401 32
E 0 2404 2 0.072523472 402 32
E 0 2405 2 0.072527059 403 32
E 0 2406 2 0.072530645 404 32
E 0 2407 2 0.072534893 405 32
E 0 2408 2 0.072539712 406 32
E 0 2409 2 0.072544842 407 32
E 0 2410 2 0.072549240 408 32
E 0 2411 2 0.072553578 409 32
E 0 2412 2 0.072557776 410 32
E 0 2413 2 0.072562234 411 32
E 0 2414 2 0.072566963 412 32
E 0 2415 2 0.072571191 413 32
E 0 2416 2 0.072575449 414 32
E 0 2417 2 0.072580268 415 32
E 0 2418 2 0.072584666 416 32
E 0 2419 2 0.072597170 417 32
E 0 2420 2 0.072602059 418 32
E 0 2421 2 0.072606768 419 32
E 0 2422 2 0.072610875 420 32
E 0 2423 2 0.072615394 421 32
E 0 2424 2 0.072619742 422 32
E 0 2425 2 0.072624030 423 32
E 0 2426 2 0.072628348 424 32
E 0 2427 2 0.072632656 425 32
E 0 2428 2 0.072637235 426 32
E 0 2429 2 0.072641553 427 32
E 0 2430 2 0.072645921 428 32
E 0 2431 2 0.072650399 429 32
E 0 2432 2 0.072654707 430 32
E 0 2433 2 0.072658935 431 32
E 0 2434 2 0.072663333 432 32
E 0 2435 2 0.072667722 433 32
E 0 2436 2 0.072671829 434 32
E 0 2437 2 0.072675977 435 32
E 0 2438 2 0.072680105 436 32
E 0 2439 2 0.072684623 437 32
E 0 2440 2 0.072689753 438 32
E 0 2441 2 0.072693971 439 32
E 0 2442 2 0.072697658 440 32
E 0 2443 2 0.072701365 441 32
E 0 2444 2 0.072704781 442 32
E 0 2445 2 0.072708217 443 32
E 0 2446 2 0.072712806 444 32
E 0 2447 2 0.072717785 445 32
E 0 2448 2 0.072722344 446 32
E 0 2449 2 0.072726612 447 32
E 0 2450 2 0.072730880 448 32
E 0 2451 2 0.072735108 449 32
E 0 2452 2 0.072739516 450 32
E 0 2453 2 0.072743884 451 32
E 0 2454 2 0.072748182 452 32
E 0 2455 2 0.072752721 453 32
E 0 2456 2 0.072757009 454 32
E 0 2457 2 0.072761637 455 32
E 0 2458 2 0.072765875 456 32
E 0 2459 2 0.072770293 457 32
E 0 2460 2 0.072774301 458 32
E 0 2461 2 0.072778639 459 32
E 0 2462 2 0.072782887 460 32
E 0 2463 2 0.072787556 461 32
E 0 2464 2 0.072792856 462 32
E 0 2465 2 0.072797484 463 32
E 0 2466 2 0.072801812 464 32
E 0 2467 2 0.072806211 465 32
E 0 2468 2 0.072811130 466 32
E 0 2469 2 0.072815608 467 32
E 0 2470 2 0.072820598 468 32
E 0 2471 2 0.072825256 469 32
E 0 2472 2 0.072829765 470 32
E 0 2473 2 0.072834383 471 32
E 0 2474 2 0.072839262 472 32
E 0 2475 2 0.072843550 473 32
E 0 2476 2 0.072847257 474 32
E 0 2477 2 0.072850984 475 32
E 0 2478 2 0.072854461 476 32
E 0 2479 2 0.072858188 477 32
E 0 2480 2 0.072862696 478 32
E 0 2481 2 0.072867415 479 32
E 0 2482 2 0.072871913 480 32
E 0 2483 2 0.072876372 481 32
E 0 2484 2 0.072880630 482 32
E 0 2485 2 0.072884898 483 32
E 0 2486 2 0.072889406 484 32
E 0 2487 2 0.072893744 485 32
E 0 2488 2 0.072898042 486 32
E 0 2489 2 0.072902891 487 32
E 0 2490 2 0.072907380 488 32
E 0 2491 2 0.072911177 489 32
E 0 2492 2 0.072914934 490 32
E 0 2493 2 0.072918380 491 32
E 0 2494 2 0.072921837 492 32
E 0 2495 2 0.072925323 493 32
E 0 2496 2 0.072928850 494 32
E 0 2497 2 0.072932286 495 32
E 0 2498 2 0.072935723 496 32
E 0 2499 2 0.072939169 497 32
E 0 2500 2 0.072942606 498 32
E 0 2501 2 0.072946052 499 32
E 0 2502 2 0.072949489 500 32
E 0 2503 2 0.072952925 501 32
E 0 2504 2 0.072956772 502 32
E 0 2505 2 0.072960329 503 32
E 0 2506 2 0.072963835 504 32
E 0 2507 2 0.072980316 505 32
E 0 2508 2 0.072983863 506 32
E 0 2509 2 0.072987339 507 32
E 0 2510 2 0.072990796 508 32
E 0 2511 2 0.072994262 509 32
E 0 2512 2 0.072997729 510 32
E 0 2513 2 0.073001195 511 32
E 0 2514 2 0.073004652 512 32
E 0 2515 2 0.073008118 513 32
E 0 2516 2 0.073011575 514 32
E 0 2517 2 0.073015041 515 32
E 0 2518 2 0.073018498 516 32
E 0 2519 2 0.073021964 517 32
E 0 2520 2 0.073025491 518 32
E 0 2521 2 0.073028997 519 32
E 0 2522 2 0.073032514 520 32
E 0 2523 2 0.073035990 521 32
E 0 2524 2 0.073039437 522 32
E 0 2525 2 0.073042903 523 32
E 0 2526 2 0.073046390 524 32
E 0 2527 2 0.073049846 525 32
E 0 2528 2 0.073053303 526 32
E 0 2529 2 0.073056759 527 32
E 0 2530 2 0.073060216 528 32
E 0 2531 2 0.073063682 529 32
E 0 2532 2 0.073067139 530 32
E 0 2533 2 0.073070595 531 32
E 0 2534 2 0.073074051 532 32
E 0 2535 2 0.073077508 533 32
E 0 2536 2 0.073080964 534 32
E 0 2537 2 0.073084431 535 32
E 0 2538 2 0.073087887 536 32
E 0 2539 2 0.073091354 537 32
E 0 2540 2 0.073094810 538 32
E 0 2541 2 0.073098277 539 32
E 0 2542 2 0.073101733 540 32
E 0 2543 2 0.073105190 541 32
E 0 2544 2 0.073108656 542 32
E 0 2545 2 0.073112123 543 32
E 0 2546 2 0.073115619 544 32
E 0 2547 2 0.073119146 545 32
E 0 2548 2 0.073122602 546 32
E 0 2549 2 0.073126079 547 32
E 0 2550 2 0.073129535 548 32
E 0 2551 2 0.073133002 549 32
E 0 2552 2 0.073136458 550 32
E 0 2553 2 0.073139925 551 32
E 0 2554 2 0.073143381 552 32
E 0 2555 2 0.073146848 553 32
E 0 2556 2 0.073150354 554 32
E 0 2557 2 0.073153881 555 32
E 0 2558 2 0.073157347 556 32
E 0 2559 2 0.073160804 557 32
E 0 2560 2 0.073164270 558 32
E 0 2561 2 0.073167727 559 32
E 0 2562 2 0.073171193 560 32
E 0 2563 2 0.073174650 561 32
E 0 2564 2 0.073178116 562 32
E 0 2565 2 0.073181603 563 32
E 0 2566 2 0.073185099 564 32
E 0 2567 2 0.073188626 565 32
E 0 2568 2 0.073192092 566 32
E 0 2569 2 0.073195559 567 32
E 0 2570 2 0.073199015 568 32
E 0 2571 2 0.073202482 569 32
E 0 2572 2 0.073205938 570 32
E 0 2573 2 0.073209405 571 32
E 0 2574 2 0.073212871 572 32
E 0 2575 2 0.073216528 573 32
E 0 2576 2 0.073220085 574 32
E 0 2577 2 0.073223601 575 32
E 0 2578 2 0.073227058 576 32
E 0 2579 2 0.073230524 577 32
E 0 2580 2 0.073233981 578 32
E 0 2581 2 0.073237437 579 32
E 0 2582 2 0.073240893 580 32
E 0 2583 2 0.073244340 581 32
E 0 2584 2 0.073247796 582 32
E 0 2585 2 0.073251253 583 32
E 0 2586 2 0.073254709 584 32
E 0 2587 2 0.073258166 585 32
E 0 2588 2 0.073261622 586 32
E 0 2589 2 0.073265079 587 32
E 0 2590 2 0.073268535 588 32
E 0 2591 2 0.073271992 589 32
E 0 2592 2 0.073275448 590 32
E 0 2593 2 0.073278905 591 32
E 0 2594 2 0.073282361 592 32
E 0 2595 2 0.073285848 593 32
E 0 2596 2 0.073289364 594 32
E 0 2597 2 0.073292831 595 32
E 0 2598 2 0.073296297 596 32
E 0 2599 2 0.073299754 597 32
E 0 2600 2 0.073303210 598 32
E 0 2601 2 0.073306676 599 32
E 0 2602 2 0.073310133 600 32
E 0 2603 2 0.073313589 601 32
E 0 2604 2 0.073321464 602 32
E 0 2605 2 0.073325031 603 32
E 0 2606 2 0.073328487 604 32
E 0 2607 2 0.073331944 605 32
E 0 2608 2 0.073335390 606 32
E 0 2609 2 0.073338857 607 32
E 0 2610 2 0.073342313 608 32
E 0 2611 2 0.073345780 609 32
E 0 2612 2 0.073349226 610 32
E 0 2613 2 0.073352693 611 32
E 0 2614 2 0.073356189 612 32
E 0 2615 2 0.073359716 613 32
E 0 2616 2 0.073363182 614 32
E 0 2617 2 0.073366649 615 32
E 0 2618 2 0.073370115 616 32
E 0 2619 2 0.073373582 617 32
E 0 2620 2 0.073377048 618 32
E 0 2621 2 0.073380515 619 32
E 0 2622 2 0.073383981 620 32
E 0 2623 2 0.073387468 621 32
E 0 2624 2 0.073390984 622 32
E 0 2625 2 0.073394501 623 32
E 0 2626 2 0.073397957 624 32
E 0 2627 2 0.073401424 625 32
E 0 2628 2 0.073404880 626 32
E 0 2629 2 0.073408347 627 32
E 0 2630 2 0.073411813 628 32
E 0 2631 2 0.073415270 629 32
E 0 2632 2 0.073418726 630 32
E 0 2633 2 0.073422533 631 32
E 0 2634 2 0.073426090 632 32
E 0 2635 2 0.073429606 633 32
E 0 2636 2 0.073433063 634 32
E 0 2637 2 0.073436519 635 32
E 0 2638 2 0.073439976 636 32
E 0 2639 2 0.073443422 637 32
E 0 2640 2 0.073446879 638 32
E 0 2641 2 0.073450335 639 32
E 0 2642 2 0.073453782 640 32
E 0 2643 2 0.073457298 641 32
E 0 2644 2 0.073466926 642 32
E 0 2645 2 0.073470453 643 32
E 0 2646 2 0.073473909 644 32
E 0 2647 2 0.073477356 645 32
E 0 2648 2 0.073480812 646 32
E 0 2649 2 0.073484279 647 32
E 0 2650 2 0.073487735 648 32
E 0 2651 2 0.073491262 649 32
E 0 2652 2 0.073494748 650 32
E 0 2653 2 0.073498355 651 32
E 0 2654 2 0.073501831 652 32
E 0 2655 2 0.073505308 653 32
E 0 2656 2 0.073508774 654 32
E 0 2657 2 0.073512241 655 32
E 0 2658 2 0.073515697 656 32
E 0 2659 2 0.073519164 657 32
E 0 2660 2 0.073522620 658 32
E 0 2661 2 0.073526107 659 32
E 0 2662 2 0.073529563 660 32
E 0 2663 2 0.073533020 661 32
E 0 2664 2 0.073536486 662 32
E 0 2665 2 0.073539943 663 32
E 0 2666 2 0.073543409 664 32
E 0 2667 2 0.073546866 665 32
E 0 2668 2 0.073550332 666 32
E 0 2669 2 0.073553799 667 32
E 0 2670 2 0.073557265 668 32
E 0 2671 2 0.073560722 669 32
E 0 2672 2 0.073564178 670 32
E 0 2673 2 0.073567644 671 32
E 0 2674 2 0.073571241 672 32
E 0 2675 2 0.073574898 673 32
E 0 2676 2 0.073578445 674 32
E 0 2677 2 0.073581921 675 32
E 0 2678 2 0.073585378 676 32
E 0 2679 2 0.073588834 677 32
E 0 2680 2 0.073592301 678 32
E 0 2681 2 0.073595767 679 32
E 0 2682 2 0.073599224 680 32
E 0 2683 2 0.073602700 681 32
E 0 2684 2 0.073606156 682 32
E 0 2685 2 0.073609623 683 32
E 0 2686 2 0.073613089 684 32
E 0 2687 2 0.073616546 685 32
E 0 2688 2 0.073620002 686 32
E 0 2689 2 0.073623469 687 32
E 0 2690 2 0.073626935 688 32
E 0 2691 2 0.073630432 689 32
E 0 2692 2 0.073633958 690 32
E 0 2693 2 0.073637425 691 32
E 0 2694 2 0.073640891 692 32
E 0 2695 2 0.073644348 693 32
E 0 2696 2 0.073647814 694 32
E 0 2697 2 0.073651281 695 32
E 0 2698 2 0.073654767 696 32
E 0 2699 2 0.073658304 697 32
E 0 2700 2 0.073661760 698 32
E 0 2701 2 0.073665237 699 32
E 0 2702 2 0.073668703 700 32
E 0 2703 2 0.073672150 701 32
E 0 2704 2 0.073675616 702 32
E 0 2705 2 0.073679133 703 32
E 0 2706 2 0.073682660 704 32
E 0 2707 2 0.073686126 705 32
E 0 2708 2 0.073689582 706 32
E 0 2709 2 0.073693049 707 32
E 0 2710 2 0.073696525 708 32
E 0 2711 2 0.073699972 709 32
E 0 2712 2 0.073703569 710 32
E 0 2713 2 0.073707115 711 32
E 0 2714 2 0.073710642 712 32
E 0 2715 2 0.073714118 713 32
E 0 2716 2 0.073717575 714 32
E 0 2717 2 0.073721051 715 32
E 0 2718 2 0.073724508 716 32
E 0 2719 2 0.073727974 717 32
E 0 2720 2 0.073731431 718 32
E 0 2721 2 0.073734897 719 32
E 0 2722 2 0.073738364 720 32
E 0 2723 2 0.073741830 721 32
E 0 2724 2 0.073745287 722 32
E 0 2725 2 0.073748753 723 32
E 0 2726 2 0.073752280 724 32
E 0 2727 2 0.073755796 725 32
E 0 2728 2 0.073759263 726 32
E 0 2729 2 0.073762729 727 32
E 0 2730 2 0.073766186 728 32
E 0 2731 2 0.073769652 729 32
E 0 2732 2 0.073773119 730 32
E 0 2733 2 0.073776705 731 32
E 0 2734 2 0.073780252 732 32
E 0 2735 2 0.073783769 733 32
E 0 2736 2 0.073787225 734 32
E 0 2737 2 0.073790692 735 32
E 0 2738 2 0.073794158 736 32
E 0 2739 2 0.073797635 737 32
E 0 2740 2 0.073801081 738 32
E 0 2741 2 0.073804547 739 32
E 0 2742 2 0.073808014 740 32
E 0 2743 2 0.073811470 741 32
E 0 2744 2 0.073814937 742 32
E 0 2745 2 0.073818403 743 32
E 0 2746 2 0.073821870 744 32
E 0 2747 2 0.073825386 745 32
E 0 2748 2 0.073828913 746 32
E 0 2749 2 0.073832380 747 32
E 0 2750 2 0.073835836 748 32
E 0 2751 2 0.073839292 749 32
E 0 2752 2 0.073842759 750 32
E 0 2753 2 0.073846215 751 32
E 0 2754 2 0.073849812 752 32
E 0 2755 2 0.073853359 753 32
E 0 2756 2 0.073856885 754 32
E 0 2757 2 0.073860352 755 32
E 0 2758 2 0.073863818 756 32
E 0 2759 2 0.073867285 757 32
E 0 2760 2 0.073870751 758 32
E 0 2761 2 0.073874218 759 32
E 0 2762 2 0.073877684 760 32
E 0 2763 2 0.073881161 761 32
E 0 2764 2 0.073884617 762 32
E 0 2765 2 0.073888084 763 32
E 0 2766 2 0.073891550 764 32
E 0 2767 2 0.073895007 765 32
E 0 2768 2 0.073898513 766 32
E 0 2769 2 0.073902050 767 32
E 0 2770 2 0.073905516 768 32
E 0 2771 2 0.073908983 769 32
E 0 2772 2 0.073912439 770 32
E 0 2773 2 0.073915906 771 32
E 0 2774 2 0.073919362 772 32
E 0 2775 2 0.073922989 773 32
E 0 2776 2 0.073926526 774 32
E 0 2777 2 0.073930052 775 32
E 0 2778 2 0.073933509 776 32
E 0 2779 2 0.073936975 777 32
E 0 2780 2 0.073946773 778 32
E 0 2781 2 0.073950280 779 32
E 0 2782 2 0.073953736 780 32
E 0 2783 2 0.073957193 781 32
E 0 2784 2 0.073960649 782 32
E 0 2785 2 0.073964106 783 32
E 0 2786 2 0.073967562 784 32
E 0 2787 2 0.073971019 785 32
E 0 2788 2 0.073974505 786 32
E 0 2789 2 0.073978032 787 32
E 0 2790 2 0.073981498 788 32
E 0 2791 2 0.073984945 789 32
E 0 2792 2 0.073988391 790 32
E 0 2793 2 0.073991848 791 32
E 0 2794 2 0.073995304 792 32
E 0 2795 2 0.073998761 793 32
E 0 2796 2 0.074002217 794 32
E 0 2797 2 0.074005674 795 32
E 0 2798 2 0.074009130 796 32
E 0 2799 2 0.074012576 797 32
E 0 2800 2 0.074016023 798 32
E 0 2801 2 0.074019479 799 32
E 0 2802 2 0.074022936 800 32
E 0 2803 2 0.074026392 801 32
E 0 2804 2 0.074029839 802 32
E 0 2805 2 0.074033295 803 32
E 0 2806 2 0.074036782 804 32
E 0 2807 2 0.074040298 805 32
E 0 2808 2 0.074043745 806 32
E 0 2809 2 0.074047201 807 32
E 0 2810 2 0.074050658 808 32
E 0 2811 2 0.074054124 809 32
E 0 2812 2 0.074057581 810 32
E 0 2813 2 0.074061067 811 32
E 0 2814 2 0.074064574 812 32
E 0 2815 2 0.074068020 813 32
E 0 2816 2 0.074071477 814 32
E 0 2817 2 0.074074923 815 32
E 0 2818 2 0.074078380 816 32
E 0 2819 2 0.074081836 817 32
E 0 2820 2 0.074089871 818 32
E 0 2821 2 0.074093498 819 32
E 0 2822 2 0.074096974 820 32
E 0 2823 2 0.074100431 821 32
E 0 2824 2 0.074103887 822 32
E 0 2825 2 0.074107414 823 32
E 0 2826 2 0.074110910 824 32
E 0 2827 2 0.074114437 825 32
E 0 2828 2 0.074117893 826 32
E 0 2829 2 0.074121360 827 32
E 0 2830 2 0.074124816 828 32
E 0 2831 2 0.074128273 829 32
E 0 2832 2 0.074131729 830 32
E 0 2833 2 0.074135216 831 32
E 0 2834 2 0.074138742 832 32
E 0 2835 2 0.074142209 833 32
E 0 2836 2 0.074145665 834 32
E 0 2837 2 0.074149142 835 32
E 0 2838 2 0.074152598 836 32
E 0 2839 2 0.074156055 837 32
E 0 2840 2 0.074159541 838 32
E 0 2841 2 0.074163048 839 32
E 0 2842 2 0.074166514 840 32
E 0 2843 2 0.074169971 841 32
E 0 2844 2 0.074173427 842 32
E 0 2845 2 0.074176894 843 32
E 0 2846 2 0.074180360 844 32
E 0 2847 2 0.074183847 845 32
E 0 2848 2 0.074187373 846 32
E 0 2849 2 0.074190830 847 32
E 0 2850 2 0.074194286 848 32
E 0 2851 2 0.074197743 849 32
E 0 2852 2 0.074201199 850 32
E 0 2853 2 0.074204666 851 32
E 0 2854 2 0.074208152 852 32
E 0 2855 2 0.074211999 853 32
E 0 2856 2 0.074215476 854 32
E 0 2857 2 0.074218952 855 32
E 0 2858 2 0.074222409 856 32
E 0 2859 2 0.074225875 857 32
E 0 2860 2 0.074229332 858 32
E 0 2861 2 0.074232828 859 32
E 0 2862 2 0.074236365 860 32
E 0 2863 2 0.074239821 861 32
E 0 2864 2 0.074243278 862 32
E 0 2865 2 0.074246744 863 32
E 0 2866 2 0.074250201 864 32
E 0 2867 2 0.074253667 865 32
E 0 2868 2 0.074257154 866 32
E 0 2869 2 0.074260670 867 32
E 0 2870 2 0.074264137 868 32
E 0 2871 2 0.074267593 869 32
E 0 2872 2 0.074271050 870 32
E 0 2873 2 0.074274526 871 32
E 0 2874 2 0.074277983 872 32
E 0 2875 2 0.074281479 873 32
E 0 2876 2 0.074285006 874 32
E 0 2877 2 0.074288472 875 32
E 0 2878 2 0.074291919 876 32
E 0 2879 2 0.074295365 877 32
E 0 2880 2 0.074298832 878 32
E 0 2881 2 0.074302288 879 32
E 0 2882 2 0.074305785 880 32
E 0 2883 2 0.074309301 881 32
E 0 2884 2 0.074312768 882 32
E 0 2885 2 0.074316234 883 32
E 0 2886 2 0.074319691 884 32
E 0 2887 2 0.074323147 885 32
E 0 2888 2 0.074326604 886 32
E 0 2889 2 0.074330130 887 32
E 0 2890 2 0.074333647 888 32
E 0 2891 2 0.074337113 889 32
E 0 2892 2 0.074340580 890 32
E 0 2893 2 0.074344046 891 32
E 0 2894 2 0.074347503 892 32
E 0 2895 2 0.074350959 893 32
E 0 2896 2 0.074354546 894 32
E 0 2897 2 0.074358032 895 32
E 0 2898 2 0.074361559 896 32
E 0 2899 2 0.074365026 897 32
E 0 2900 2 0.074368482 898 32
E 0 2901 2 0.074371949 899 32
E 0 2902 2 0.074375415 900 32
E 0 2903 2 0.074378871 901 32
E 0 2904 2 0.074382328 902 32
E 0 2905 2 0.074385794 903 32
E 0 2906 2 0.074389251 904 32
E 0 2907 2 0.074392717 905 32
E 0 2908 2 0.074396184 906 32
E 0 2909 2 0.074399650 907 32
E 0 2910 2 0.074403227 908 32
E 0 2911 2 0.074406714 909 32
E 0 2912 2 0.074410230 910 32
E 0 2913 2 0.074413697 911 32
E 0 2914 2 0.074417163 912 32
E 0 2915 2 0.074420630 913 32
E 0 2916 2 0.074424086 914 32
E 0 2917 2 0.074434375 915 32
E 0 2918 2 0.074437892 916 32
E 0 2919 2 0.074441338 917 32
E 0 2920 2 0.074444795 918 32
E 0 2921 2 0.074448251 919 32
E 0 2922 2 0.074451748 920 32
E 0 2923 2 0.074455244 921 32
E 0 2924 2 0.074458761 922 32
E 0 2925 2 0.074462227 923 32
E 0 2926 2 0.074465684 924 32
E 0 2927 2 0.074469140 925 32
E 0 2928 2 0.074472597 926 32
E 0 2929 2 0.074476063 927 32
E 0 2930 2 0.074479530 928 32
E 0 2931 2 0.074482996 929 32
E 0 2932 2 0.074486453 930 32
E 0 2933 2 0.074489919 931 32
E 0 2934 2 0.074493386 932 32
E 0 2935 2 0.074496842 933 32
E 0 2936 2 0.074500309 934 32
E 0 2937 2 0.074503775 935 32
E 0 2938 2 0.074507241 936 32
E 0 2939 2 0.074510708 937 32
E 0 2940 2 0.074514164 938 32
E 0 2941 2 0.074517631 939 32
E 0 2942 2 0.074521097 940 32
E 0 2943 2 0.074524544 941 32
E 0 2944 2 0.074528000 942 32
E 0 2945 2 0.074531457 943 32
E 0 2946 2 0.074534913 944 32
E 0 2947 2 0.074538380 945 32
E 0 2948 2 0.074541836 946 32
E 0 2949 2 0.074545313 947 32
E 0 2950 2 0.074548789 948 32
E 0 2951 2 0.074552286 949 32
E 0 2952 2 0.074555752 950 32
E 0 2953 2 0.074559219 951 32
E 0 2954 2 0.074562685 952 32
E 0 2955 2 0.074566152 953 32
E 0 2956 2 0.074569618 954 32
E 0 2957 2 0.074573115 955 32
E 0 2958 2 0.074576631 956 32
E 0 2959 2 0.074580088 957 32
E 0 2960 2 0.074583554 958 32
E 0 2961 2 0.074587011 959 32
E 0 2962 2 0.074590477 960 32
E 0 2963 2 0.074593944 961 32
E 0 2964 2 0.074597450 962 32
E 0 2965 2 0.074600987 963 32
E 0 2966 2 0.074604443 964 32
E 0 2967 2 0.074607900 965 32
E 0 2968 2 0.074611356 966 32
E 0 2969 2 0.074614813 967 32
E 0 2970 2 0.074618279 968 32
E 0 2971 2 0.074621856 969 32
E 0 2972 2 0.074652944 970 32
E 0 2973 2 0.074659426 971 32
E 0 2974 2 0.074663063 972 32
E 0 2975 2 0.074666630 973 32
E 0 2976 2 0.074670607 974 32
E 0 2977 2 0.074674284 975 32
E 0 2978 2 0.074677891 976 32
E 0 2979 2 0.074681477 977 32
E 0 2980 2 0.074685054 978 32
E 0 2981 2 0.074688641 979 32
E 0 2982 2 0.074692227 980 32
E 0 2983 2 0.074695804 981 32
E 0 2984 2 0.074699381 982 32
E 0 2985 2 0.074702957 983 32
E 0 2986 2 0.074706524 984 32
E 0 2987 2 0.074710101 985 32
E 0 2988 2 0.074713668 986 32
E 0 2989 2 0.074717244 987 32
E 0 2990 2 0.074720861 988 32
E 0 2991 2 0.074724478 989 32
E 0 2992 2 0.074728064 990 32
E 0 2993 2 0.074731641 991 32
E 0 2994 2 0.074735218 992 32
E 0 2995 2 0.074738794 993 32
E 0 2996 2 0.074742371 994 32
E 0 2997 2 0.074745978 995 32
E 0 2998 2 0.074749605 996 32
E 0 2999 2 0.074753191 997 32
E 0 3000 2 0.074756768 998 32
E 0 3001 2 0.074760355 999 32
F 3002 43651.393682088 0.074883635
