I 1 43862.890190131
L 0 2 0 0.009473513 0 32
L 0 3 0 0.009496938 1 32
L 0 4 0 0.009502649 2 32
L 0 5 0 0.009507688 3 32
L 0 6 0 0.009512748 4 32
L 0 7 0 0.009517647 5 32
L 0 8 0 0.009522496 6 32
L 0 9 0 0.009527356 7 32
L 0 10 0 0.009532305 8 32
L 0 11 0 0.009641887 9 32
L 0 12 0 0.009664440 10 32
L 0 13 0 0.009678627 11 32
L 0 14 0 0.009690139 12 32
L 0 15 0 0.009697272 13 32
L 0 16 0 0.009703374 14 32
L 0 17 0 0.009709696 15 32
L 0 18 0 0.009716108 16 32
L 0 19 0 0.009722320 17 32
L 0 20 0 0.009728402 18 32
L 0 21 0 0.009734343 19 32
L 0 22 0 0.009740394 20 32
L 0 23 0 0.009746416 21 32
L 0 24 0 0.009753089 22 32
L 0 25 0 0.009760713 23 32
L 0 26 0 0.009766825 24 32
L 0 27 0 0.009772816 25 32
L 0 28 0 0.009778848 26 32
L 0 29 0 0.009784839 27 32
L 0 30 0 0.009790891 28 32
L 0 31 0 0.009797183 29 32
L 0 32 0 0.009803174 30 32
L 0 33 0 0.009809145 31 32
L 0 34 0 0.009832280 32 32
L 0 35 0 0.009839203 33 32
L 0 36 0 0.009845264 34 32
L 0 37 0 0.009913331 35 32
L 0 38 0 0.009919914 36 32
L 0 39 0 0.009925384 37 32
L 0 40 0 0.009930794 38 32
L 0 41 0 0.009935924 39 32
L 0 42 0 0.009940944 40 32
L 0 43 0 0.009946023 41 32
L 0 44 0 0.009950953 42 32
L 0 45 0 0.009955952 43 32
L 0 46 0 0.009961192 44 32
L 0 47 0 0.009966252 45 32
L 0 48 0 0.009971492 46 32
L 0 49 0 0.009976842 47 32
L 0 50 0 0.009981932 48 32
L 0 51 0 0.009987022 49 32
L 0 52 0 0.009992191 50 32
L 0 53 0 0.009997381 51 32
L 0 54 0 0.010002792 52 32
L 0 55 0 0.010008272 53 32
L 0 56 0 0.010013763 54 32
L 0 57 0 0.010018862 55 32
L 0 58 0 0.010024202 56 32
L 0 59 0 0.010029142 57 32
L 0 60 0 0.010034382 58 32
L 0 61 0 0.010039882 59 32
L 0 62 0 0.010045232 60 32
L 0 63 0 0.010050513 61 32
L 0 64 0 0.010055883 62 32
L 0 65 0 0.010061143 63 32
L 0 66 0 0.010066283 64 32
L 0 67 0 0.010071573 65 32
L 0 68 0 0.010077274 66 32
L 0 69 0 0.010082844 67 32
L 0 70 0 0.010088194 68 32
L 0 71 0 0.010093755 69 32
L 0 72 0 0.010098835 70 32
L 0 73 0 0.010103564 71 32
L 0 74 0 0.010108293 72 32
L 0 75 0 0.010112982 73 32
L 0 76 0 0.010117600 74 32
L 0 77 0 0.010122510 75 32
L 0 78 0 0.010127098 76 32
L 0 79 0 0.010131888 77 32
L 0 80 0 0.010137328 78 32
L 0 81 0 0.010144261 79 32
L 0 82 0 0.010150223 80 32
L 0 83 0 0.010154761 81 32
L 0 84 0 0.010159831 82 32
L 0 85 0 0.010165181 83 32
L 0 86 0 0.010169730 84 32
L 0 87 0 0.010174048 85 32
L 0 88 0 0.010178787 86 32
L 0 89 0 0.010183476 87 32
L 0 90 0 0.010188185 88 32
L 0 91 0 0.010193515 89 32
L 0 92 0 0.010198164 90 32
L 0 93 0 0.010202923 91 32
L 0 94 0 0.010207361 92 32
L 0 95 0 0.010212291 93 32
L 0 96 0 0.010217050 94 32
L 0 97 0 0.010221949 95 32
L 0 98 0 0.010226518 96 32
L 0 99 0 0.010231137 97 32
L 0 100 0 0.010236357 98 32
L 0 101 0 0.010241086 99 32
L 0 102 0 0.010246246 100 32
L 0 103 0 0.010251546 101 32
L 0 104 0 0.010256255 102 32
L 0 105 0 0.010261014 103 32
L 0 106 0 0.010266123 104 32
L 0 107 0 0.010270622 105 32
L 0 108 0 0.010275251 106 32
L 0 109 0 0.010280531 107 32
L 0 110 0 0.010285180 108 32
L 0 111 0 0.010290730 109 32
L 0 112 0 0.010295770 110 32
L 0 113 0 0.010301551 111 32
L 0 114 0 0.010306731 112 32
L 0 115 0 0.010311770 113 32
L 0 116 0 0.010316960 114 32
L 0 117 0 0.010321399 115 32
L 0 118 0 0.010325487 116 32
L 0 119 0 0.010329284 117 32
L 0 120 0 0.010333091 118 32
L 0 121 0 0.010336888 119 32
L 0 122 0 0.010340695 120 32
L 0 123 0 0.010345284 121 32
L 0 124 0 0.010350524 122 32
L 0 125 0 0.010355624 123 32
L 0 126 0 0.010363920 124 32
L 0 127 0 0.010375001 125 32
L 0 128 0 0.010379840 126 32
L 0 129 0 0.010383938 127 32
L 0 130 0 0.010387745 128 32
L 0 131 0 0.010391552 129 32
L 0 132 0 0.010395360 130 32
L 0 133 0 0.010399177 131 32
L 0 134 0 0.010402954 132 32
L 0 135 0 0.010406771 133 32
L 0 136 0 0.010410589 134 32
L 0 137 0 0.010415157 135 32
L 0 138 0 0.010420397 136 32
L 0 139 0 0.010429384 137 32
L 0 140 0 0.010437650 138 32
L 0 141 0 0.010442319 139 32
L 0 142 0 0.010447198 140 32
L 0 143 0 0.010452148 141 32
L 0 144 0 0.010456697 142 32
L 0 145 0 0.010461335 143 32
L 0 146 0 0.010466044 144 32
L 0 147 0 0.010470523 145 32
L 0 148 0 0.010478488 146 32
L 0 149 0 0.010483468 147 32
L 0 150 0 0.010488166 148 32
L 0 151 0 0.010525127 149 32
L 0 152 0 0.010530287 150 32
L 0 153 0 0.010577587 151 32
L 0 154 0 0.010590401 152 32
L 0 155 0 0.010596052 153 32
L 0 156 0 0.010603707 154 32
L 0 157 0 0.011137504 155 32
L 0 158 0 0.011645044 156 32
L 0 159 0 0.011738652 157 32
L 0 160 0 0.011756707 158 32
L 0 161 0 0.011765203 159 32
L 0 162 0 0.011771936 160 32
L 0 163 0 0.011783107 161 32
L 0 164 0 0.011794138 162 32
L 0 165 0 0.011800851 163 32
L 0 166 0 0.011806892 164 32
L 0 167 0 0.011813074 165 32
L 0 168 0 0.011819366 166 32
L 0 169 0 0.011825768 167 32
L 0 170 0 0.011831740 168 32
L 0 171 0 0.011837701 169 32
L 0 172 0 0.011844103 170 32
L 0 173 0 0.011850616 171 32
L 0 174 0 0.011877948 172 32
L 0 175 0 0.011887796 173 32
L 0 176 0 0.011896403 174 32
L 0 177 0 0.011903306 175 32
L 0 178 0 0.011909187 176 32
L 0 179 0 0.011914798 177 32
L 0 180 0 0.011921440 178 32
L 0 181 0 0.011927642 179 32
L 0 182 0 0.011933634 180 32
L 0 183 0 0.011940076 181 32
L 0 184 0 0.011946308 182 32
L 0 185 0 0.011952450 183 32
L 0 186 0 0.011959423 184 32
L 0 187 0 0.011966306 185 32
L 0 188 0 0.011977407 186 32
L 0 189 0 0.011991173 187 32
L 0 190 0 0.011997375 188 32
L 0 191 0 0.012003006 189 32
L 0 192 0 0.012008506 190 32
L 0 193 0 0.012014227 191 32
L 0 194 0 0.012020088 192 32
L 0 195 0 0.012025910 193 32
L 0 196 0 0.012031941 194 32
L 0 197 0 0.012038393 195 32
L 0 198 0 0.012044575 196 32
L 0 199 0 0.012051959 197 32
L 0 200 0 0.012057760 198 32
L 0 201 0 0.012064223 199 32
L 0 202 0 0.012071326 200 32
L 0 203 0 0.012077838 201 32
L 0 204 0 0.012084571 202 32
L 0 205 0 0.012090873 203 32
L 0 206 0 0.012096985 204 32
L 0 207 0 0.012114629 205 32
L 0 208 0 0.012122433 206 32
L 0 209 0 0.012128896 207 32
L 0 210 0 0.012136981 208 32
L 0 211 0 0.012143193 209 32
L 0 212 0 0.012149515 210 32
L 0 213 0 0.012155436 211 32
L 0 214 0 0.012162109 212 32
L 0 215 0 0.012168521 213 32
L 0 216 0 0.012234166 214 32
L 0 217 0 0.012252231 215 32
L 0 218 0 0.012259595 216 32
L 0 219 0 0.012266318 217 32
L 0 220 0 0.012272149 218 32
L 0 221 0 0.012310161 219 32
L 0 222 0 0.012322284 220 32
L 0 223 0 0.012328656 221 32
L 0 224 0 0.012334878 222 32
L 0 225 0 0.012342373 223 32
L 0 226 0 0.012349386 224 32
L 0 227 0 0.012356630 225 32
L 0 228 0 0.012363833 226 32
L 0 229 0 0.012369895 227 32
L 0 230 0 0.012377199 228 32
L 0 231 0 0.012383641 229 32
L 0 232 0 0.012389733 230 32
L 0 233 0 0.012395965 231 32
L 0 234 0 0.012402698 232 32
L 0 235 0 0.012408889 233 32
L 0 236 0 0.012415071 234 32
L 0 237 0 0.012421193 235 32
L 0 238 0 0.012427314 236 32
L 0 239 0 0.012433336 237 32
L 0 240 0 0.012440399 238 32
L 0 241 0 0.012446772 239 32
L 0 242 0 0.012453244 240 32
L 0 243 0 0.012459987 241 32
L 0 244 0 0.012466138 242 32
L 0 245 0 0.012471358 243 32
L 0 246 0 0.012476248 244 32
L 0 247 0 0.012481047 245 32
L 0 248 0 0.012485776 246 32
L 0 249 0 0.012491186 247 32
L 0 250 0 0.012497458 248 32
L 0 251 0 0.012503900 249 32
L 0 252 0 0.012516044 250 32
L 0 253 0 0.012526554 251 32
L 0 254 0 0.012532946 252 32
L 0 255 0 0.012539238 253 32
L 0 256 0 0.012545750 254 32
L 0 257 0 0.012551471 255 32
L 0 258 0 0.012556350 256 32
L 0 259 0 0.012561109 257 32
L 0 260 0 0.012565899 258 32
L 0 261 0 0.012570658 259 32
L 0 262 0 0.012575427 260 32
L 0 263 0 0.012580166 261 32
L 0 264 0 0.012584905 262 32
L 0 265 0 0.012589734 263 32
L 0 266 0 0.012594473 264 32
L 0 267 0 0.012599212 265 32
L 0 268 0 0.012605013 266 32
L 0 269 0 0.012611646 267 32
L 0 270 0 0.012619220 268 32
L 0 271 0 0.012631844 269 32
L 0 272 0 0.012648346 270 32
L 0 273 0 0.012657774 271 32
L 0 274 0 0.012664386 272 32
L 0 275 0 0.012671019 273 32
L 0 276 0 0.012683843 274 32
L 0 277 0 0.012693181 275 32
L 0 278 0 0.012699253 276 32
L 0 279 0 0.012705384 277 32
L 0 280 0 0.012713760 278 32
L 0 281 0 0.012719381 279 32
L 0 282 0 0.012725503 280 32
L 0 283 0 0.012731925 281 32
L 0 284 0 0.012738127 282 32
L 0 285 0 0.012743988 283 32
L 0 286 0 0.012755460 284 32
L 0 287 0 0.012765769 285 32
L 0 288 0 0.012772462 286 32
L 0 289 0 0.012778433 287 32
L 0 290 0 0.012784445 288 32
L 0 291 0 0.012790897 289 32
L 0 292 0 0.012829080 290 32
L 0 293 0 0.012835622 291 32
L 0 294 0 0.012841514 292 32
L 0 295 0 0.012847826 293 32
L 0 296 0 0.012854318 294 32
L 0 297 0 0.012860440 295 32
L 0 298 0 0.012866812 296 32
L 0 299 0 0.012872883 297 32
L 0 300 0 0.012878925 298 32
L 0 301 0 0.012885007 299 32
L 0 302 0 0.012891218 300 32
L 0 303 0 0.012896529 301 32
L 0 304 0 0.012901448 302 32
L 0 305 0 0.012906357 303 32
L 0 306 0 0.012912769 304 32
L 0 307 0 0.012917849 305 32
L 0 308 0 0.012923039 306 32
L 0 309 0 0.012927998 307 32
L 0 310 0 0.012932788 308 32
L 0 311 0 0.012937807 309 32
L 0 312 0 0.012942626 310 32
L 0 313 0 0.012947546 311 32
L 0 314 0 0.012952375 312 32
L 0 315 0 0.012957455 313 32
L 0 316 0 0.012963987 314 32
L 0 317 0 0.012968856 315 32
L 0 318 0 0.012973706 316 32
L 0 319 0 0.012978475 317 32
L 0 320 0 0.012983234 318 32
L 0 321 0 0.012988073 319 32
L 0 322 0 0.012992992 320 32
L 0 323 0 0.012997791 321 32
L 0 324 0 0.013002591 322 32
L 0 325 0 0.013007580 323 32
L 0 326 0 0.013012550 324 32
L 0 327 0 0.013017960 325 32
L 0 328 0 0.013022499 326 32
L 0 329 0 0.013027638 327 32
L 0 330 0 0.013034021 328 32
L 0 331 0 0.013039090 329 32
L 0 332 0 0.013044100 330 32
L 0 333 0 0.013050131 331 32
L 0 334 0 0.013056203 332 32
L 0 335 0 0.013061563 333 32
L 0 336 0 0.013066202 334 32
L 0 337 0 0.013070861 335 32
L 0 338 0 0.013075560 336 32
L 0 339 0 0.013080359 337 32
L 0 340 0 0.013085248 338 32
L 0 341 0 0.013089647 339 32
L 0 342 0 0.013094556 340 32
L 0 343 0 0.013099215 341 32
L 0 344 0 0.013106148 342 32
L 0 345 0 0.013114153 343 32
L 0 346 0 0.013120716 344 32
L 0 347 0 0.013126306 345 32
L 0 348 0 0.013130785 346 32
L 0 349 0 0.013135273 347 32
L 0 350 0 0.013140373 348 32
L 0 351 0 0.013145363 349 32
L 0 352 0 0.013149671 350 32
L 0 353 0 0.013154680 351 32
L 0 354 0 0.013159890 352 32
L 0 355 0 0.013166573 353 32
L 0 356 0 0.013171192 354 32
L 0 357 0 0.013177073 355 32
L 0 358 0 0.013184688 356 32
L 0 359 0 0.013190829 357 32
L 0 360 0 0.013197242 358 32
L 0 361 0 0.013202311 359 32
L 0 362 0 0.013206850 360 32
L 0 363 0 0.013211819 361 32
L 0 364 0 0.013217350 362 32
L 0 365 0 0.013222189 363 32
L 0 366 0 0.013227980 364 32
L 0 367 0 0.013233290 365 32
L 0 368 0 0.013238129 366 32
L 0 369 0 0.013243389 367 32
L 0 370 0 0.013248770 368 32
L 0 371 0 0.013253539 369 32
L 0 372 0 0.013258508 370 32
L 0 373 0 0.013263919 371 32
L 0 374 0 0.013268808 372 32
L 0 375 0 0.013273597 373 32
L 0 376 0 0.013279077 374 32
L 0 377 0 0.013283736 375 32
L 0 378 0 0.013288325 376 32
L 0 379 0 0.013294056 377 32
L 0 380 0 0.013299296 378 32
L 0 381 0 0.013304877 379 32
L 0 382 0 0.013309706 380 32
L 0 383 0 0.013314505 381 32
L 0 384 0 0.013319655 382 32
L 0 385 0 0.013324805 383 32
L 0 386 0 0.013329484 384 32
L 0 387 0 0.013334293 385 32
L 0 388 0 0.013340505 386 32
L 0 389 0 0.013347037 387 32
L 0 390 0 0.013352477 388 32
L 0 391 0 0.013357918 389 32
L 0 392 0 0.013363027 390 32
L 0 393 0 0.013369179 391 32
L 0 394 0 0.013374229 392 32
L 0 395 0 0.013378948 393 32
L 0 396 0 0.013383527 394 32
L 0 397 0 0.013388746 395 32
L 0 398 0 0.013394808 396 32
L 0 399 0 0.013400218 397 32
L 0 400 0 0.013410468 398 32
L 0 401 0 0.013419705 399 32
L 0 402 0 0.013424935 400 32
L 0 403 0 0.013429354 401 32
L 0 404 0 0.013434023 402 32
L 0 405 0 0.013438682 403 32
L 0 406 0 0.013443200 404 32
L 0 407 0 0.013448200 405 32
L 0 408 0 0.013452809 406 32
L 0 409 0 0.013457858 407 32
L 0 410 0 0.013462918 408 32
L 0 411 0 0.013468408 409 32
L 0 412 0 0.013473247 410 32
L 0 413 0 0.013480732 411 32
L 0 414 0 0.013491983 412 32
L 0 415 0 0.013497584 413 32
L 0 416 0 0.013502603 414 32
L 0 417 0 0.013507673 415 32
L 0 418 0 0.013512973 416 32
L 0 419 0 0.013517893 417 32
L 0 420 0 0.013523173 418 32
L 0 421 0 0.013527771 419 32
L 0 422 0 0.013533031 420 32
L 0 423 0 0.013538191 421 32
L 0 424 0 0.013543191 422 32
L 0 425 0 0.013552869 423 32
L 0 426 0 0.013562868 424 32
L 0 427 0 0.013568639 425 32
L 0 428 0 0.013573839 426 32
L 0 429 0 0.013579159 427 32
L 0 430 0 0.013584279 428 32
L 0 431 0 0.013589048 429 32
L 0 432 0 0.013593897 430 32
L 0 433 0 0.013623764 431 32
L 0 434 0 0.013628894 432 32
L 0 435 0 0.013633874 433 32
L 0 436 0 0.013638773 434 32
L 0 437 0 0.013651056 435 32
L 0 438 0 0.013656306 436 32
L 0 439 0 0.013661216 437 32
L 0 440 0 0.013666075 438 32
L 0 441 0 0.013671245 439 32
L 0 442 0 0.013676395 440 32
L 0 443 0 0.013681374 441 32
L 0 444 0 0.013686233 442 32
L 0 445 0 0.013691153 443 32
L 0 446 0 0.013696112 444 32
L 0 447 0 0.013700921 445 32
L 0 448 0 0.013705801 446 32
L 0 449 0 0.013710800 447 32
L 0 450 0 0.013715720 448 32
L 0 451 0 0.013720739 449 32
L 0 452 0 0.013725779 450 32
L 0 453 0 0.013730828 451 32
L 0 454 0 0.013735718 452 32
L 0 455 0 0.013740637 453 32
L 0 456 0 0.013745516 454 32
L 0 457 0 0.013750366 455 32
L 0 458 0 0.013755305 456 32
L 0 459 0 0.013760435 457 32
L 0 460 0 0.013766005 458 32
L 0 461 0 0.013770855 459 32
L 0 462 0 0.013775864 460 32
L 0 463 0 0.013780794 461 32
L 0 464 0 0.013785693 462 32
L 0 465 0 0.013790863 463 32
L 0 466 0 0.013795822 464 32
L 0 467 0 0.013801884 465 32
L 0 468 0 0.013807544 466 32
L 0 469 0 0.013812915 467 32
L 0 470 0 0.013818105 468 32
L 0 471 0 0.013823375 469 32
L 0 472 0 0.013828785 470 32
L 0 473 0 0.013833905 471 32
L 0 474 0 0.013839115 472 32
L 0 475 0 0.013844325 473 32
L 0 476 0 0.013849344 474 32
L 0 477 0 0.013854294 475 32
L 0 478 0 0.013859213 476 32
L 0 479 0 0.013864112 477 32
L 0 480 0 0.013868982 478 32
L 0 481 0 0.013873911 479 32
L 0 482 0 0.013878760 480 32
L 0 483 0 0.013883660 481 32
L 0 484 0 0.013888599 482 32
L 0 485 0 0.013893649 483 32
L 0 486 0 0.013898548 484 32
L 0 487 0 0.013903457 485 32
L 0 488 0 0.013908437 486 32
L 0 489 0 0.013913236 487 32
L 0 490 0 0.013918045 488 32
L 0 491 0 0.013923065 489 32
L 0 492 0 0.013927894 490 32
L 0 493 0 0.013932763 491 32
L 0 494 0 0.013937652 492 32
L 0 495 0 0.013942592 493 32
L 0 496 0 0.013947802 494 32
L 0 497 0 0.013953012 495 32
L 0 498 0 0.013957891 496 32
L 0 499 0 0.013963141 497 32
L 0 500 0 0.013968181 498 32
L 0 501 0 0.013973080 499 32
L 0 502 0 0.013978260 500 32
L 0 503 0 0.013983850 501 32
L 0 504 0 0.013988760 502 32
L 0 505 0 0.013993669 503 32
L 0 506 0 0.013998599 504 32
L 0 507 0 0.014003598 505 32
L 0 508 0 0.014008517 506 32
L 0 509 0 0.014013437 507 32
L 0 510 0 0.014018366 508 32
L 0 511 0 0.014023626 509 32
L 0 512 0 0.014028746 510 32
L 0 513 0 0.014033645 511 32
L 0 514 0 0.014038555 512 32
L 0 515 0 0.014043684 513 32
L 0 516 0 0.014048574 514 32
L 0 517 0 0.014053463 515 32
L 0 518 0 0.014058413 516 32
L 0 519 0 0.014063272 517 32
L 0 520 0 0.014068341 518 32
L 0 521 0 0.014073361 519 32
L 0 522 0 0.014078361 520 32
L 0 523 0 0.014083320 521 32
L 0 524 0 0.014088239 522 32
L 0 525 0 0.014093129 523 32
L 0 526 0 0.014098088 524 32
L 0 527 0 0.014102987 525 32
L 0 528 0 0.014107917 526 32
L 0 529 0 0.014112926 527 32
L 0 530 0 0.014117996 528 32
L 0 531 0 0.014122976 529 32
L 0 532 0 0.014127845 530 32
L 0 533 0 0.014132754 531 32
L 0 534 0 0.014137623 532 32
L 0 535 0 0.014142553 533 32
L 0 536 0 0.014147803 534 32
L 0 537 0 0.014153013 535 32
L 0 538 0 0.014157852 536 32
L 0 539 0 0.014162761 537 32
L 0 540 0 0.014167741 538 32
L 0 541 0 0.014172670 539 32
L 0 542 0 0.014177519 540 32
L 0 543 0 0.014182469 541 32
L 0 544 0 0.014187498 542 32
L 0 545 0 0.014192829 543 32
L 0 546 0 0.014198229 544 32
L 0 547 0 0.014203088 545 32
L 0 548 0 0.014208028 546 32
L 0 549 0 0.014212987 547 32
L 0 550 0 0.014217836 548 32
L 0 551 0 0.014222716 549 32
L 0 552 0 0.014227685 550 32
L 0 553 0 0.014232614 551 32
L 0 554 0 0.014237714 552 32
L 0 555 0 0.014242674 553 32
L 0 556 0 0.014247663 554 32
L 0 557 0 0.014252643 555 32
L 0 558 0 0.014257602 556 32
L 0 559 0 0.014262552 557 32
L 0 560 0 0.014267411 558 32
L 0 561 0 0.014272320 559 32
L 0 562 0 0.014277270 560 32
L 0 563 0 0.014282479 561 32
L 0 564 0 0.014287459 562 32
L 0 565 0 0.014292428 563 32
L 0 566 0 0.014297308 564 32
L 0 567 0 0.014302157 565 32
L 0 568 0 0.014307237 566 32
L 0 569 0 0.014312206 567 32
L 0 570 0 0.014317105 568 32
L 0 571 0 0.014322125 569 32
L 0 572 0 0.014327125 570 32
L 0 573 0 0.014332164 571 32
L 0 574 0 0.014351661 572 32
L 0 575 0 0.014356861 573 32
L 0 576 0 0.014361991 574 32
L 0 577 0 0.014367091 575 32
L 0 578 0 0.014372060 576 32
L 0 579 0 0.014377080 577 32
L 0 580 0 0.014381969 578 32
L 0 581 0 0.014386838 579 32
L 0 582 0 0.014391798 580 32
L 0 583 0 0.014396757 581 32
L 0 584 0 0.014401847 582 32
L 0 585 0 0.014407428 583 32
L 0 586 0 0.014412337 584 32
L 0 587 0 0.014417306 585 32
L 0 588 0 0.014422226 586 32
L 0 589 0 0.014427245 587 32
L 0 590 0 0.014432345 588 32
L 0 591 0 0.014437234 589 32
L 0 592 0 0.014442074 590 32
L 0 593 0 0.014446943 591 32
L 0 594 0 0.014451802 592 32
L 0 595 0 0.014456581 593 32
L 0 596 0 0.014461350 594 32
L 0 597 0 0.014466380 595 32
L 0 598 0 0.014471349 596 32
L 0 599 0 0.014476169 597 32
L 0 600 0 0.014481048 598 32
L 0 601 0 0.014485937 599 32
L 0 602 0 0.014490877 600 32
L 0 603 0 0.014495856 601 32
L 0 604 0 0.014500785 602 32
L 0 605 0 0.014505795 603 32
L 0 606 0 0.014512037 604 32
L 0 607 0 0.014518299 605 32
L 0 608 0 0.014524461 606 32
L 0 609 0 0.014530642 607 32
L 0 610 0 0.014536894 608 32
L 0 611 0 0.014542735 609 32
L 0 612 0 0.014547955 610 32
L 0 613 0 0.014553005 611 32
L 0 614 0 0.014558025 612 32
L 0 615 0 0.014563094 613 32
L 0 616 0 0.014689134 614 32
L 0 617 0 0.014701358 615 32
L 0 618 0 0.014706718 616 32
L 0 619 0 0.014711778 617 32
L 0 620 0 0.014716877 618 32
L 0 621 0 0.014722017 619 32
L 0 622 0 0.014727127 620 32
L 0 623 0 0.014732247 621 32
L 0 624 0 0.014737376 622 32
L 0 625 0 0.014742486 623 32
L 0 626 0 0.014747536 624 32
L 0 627 0 0.014752545 625 32
L 0 628 0 0.014757555 626 32
L 0 629 0 0.014762554 627 32
L 0 630 0 0.014767914 628 32
L 0 631 0 0.014773104 629 32
L 0 632 0 0.014778124 630 32
L 0 633 0 0.014783284 631 32
L 0 634 0 0.014788333 632 32
L 0 635 0 0.014793092 633 32
L 0 636 0 0.014798082 634 32
L 0 637 0 0.014803122 635 32
L 0 638 0 0.014808151 636 32
L 0 639 0 0.014813261 637 32
L 0 640 0 0.014818411 638 32
L 0 641 0 0.014823480 639 32
L 0 642 0 0.014828520 640 32
L 0 643 0 0.014833590 641 32
L 0 644 0 0.014838529 642 32
L 0 645 0 0.014843478 643 32
L 0 646 0 0.014848498 644 32
L 0 647 0 0.014853588 645 32
L 0 648 0 0.014858607 646 32
L 0 649 0 0.014863747 647 32
L 0 650 0 0.014870189 648 32
L 0 651 0 0.014875309 649 32
L 0 652 0 0.014880409 650 32
L 0 653 0 0.014896469 651 32
L 0 654 0 0.014901860 652 32
L 0 655 0 0.014907000 653 32
L 0 656 0 0.014912239 654 32
L 0 657 0 0.014917419 655 32
L 0 658 0 0.014922369 656 32
L 0 659 0 0.014926897 657 32
L 0 660 0 0.014932258 658 32
L 0 661 0 0.014936967 659 32
L 0 662 0 0.014941836 660 32
L 0 663 0 0.014946775 661 32
L 0 664 0 0.014951544 662 32
L 0 665 0 0.014957025 663 32
L 0 666 0 0.014962966 664 32
L 0 667 0 0.014968637 665 32
L 0 668 0 0.014973717 666 32
L 0 669 0 0.014979297 667 32
L 0 670 0 0.014984968 668 32
L 0 671 0 0.014990088 669 32
L 0 672 0 0.014994967 670 32
L 0 673 0 0.014999947 671 32
L 0 674 0 0.015010507 672 32
L 0 675 0 0.015018211 673 32
L 0 676 0 0.015023502 674 32
L 0 677 0 0.015028551 675 32
L 0 678 0 0.015033531 676 32
L 0 679 0 0.015039342 677 32
L 0 680 0 0.015045273 678 32
L 0 681 0 0.015050062 679 32
L 0 682 0 0.015054811 680 32
L 0 683 0 0.015059841 681 32
L 0 684 0 0.015064991 682 32
L 0 685 0 0.015069870 683 32
L 0 686 0 0.015075360 684 32
L 0 687 0 0.015080340 685 32
L 0 688 0 0.015085199 686 32
L 0 689 0 0.015090229 687 32
L 0 690 0 0.015095469 688 32
L 0 691 0 0.015100408 689 32
L 0 692 0 0.015105297 690 32
L 0 693 0 0.015110788 691 32
L 0 694 0 0.015115717 692 32
L 0 695 0 0.015120667 693 32
L 0 696 0 0.015125546 694 32
L 0 697 0 0.015130445 695 32
L 0 698 0 0.015135455 696 32
L 0 699 0 0.015140494 697 32
L 0 700 0 0.015145494 698 32
L 0 701 0 0.015150433 699 32
L 0 702 0 0.015155423 700 32
L 0 703 0 0.015160432 701 32
L 0 704 0 0.015165582 702 32
L 0 705 0 0.015170552 703 32
L 0 706 0 0.015175501 704 32
L 0 707 0 0.015180421 705 32
L 0 708 0 0.015185370 706 32
L 0 709 0 0.015190299 707 32
L 0 710 0 0.015195199 708 32
L 0 711 0 0.015200088 709 32
L 0 712 0 0.015205168 710 32
L 0 713 0 0.015210378 711 32
L 0 714 0 0.015215077 712 32
L 0 715 0 0.015233722 713 32
L 0 716 0 0.015238621 714 32
L 0 717 0 0.015243761 715 32
L 0 718 0 0.015249131 716 32
L 0 719 0 0.015254432 717 32
L 0 720 0 0.015259641 718 32
L 0 721 0 0.015265012 719 32
L 0 722 0 0.015269951 720 32
L 0 723 0 0.015274670 721 32
L 0 724 0 0.015280381 722 32
L 0 725 0 0.015285731 723 32
L 0 726 0 0.015290731 724 32
L 0 727 0 0.015295720 725 32
L 0 728 0 0.015300820 726 32
L 0 729 0 0.015306571 727 32
L 0 730 0 0.015312362 728 32
L 0 731 0 0.015317782 729 32
L 0 732 0 0.015322632 730 32
L 0 733 0 0.015327781 731 32
L 0 734 0 0.015332901 732 32
L 0 735 0 0.015337981 733 32
L 0 736 0 0.015343050 734 32
L 0 737 0 0.015348230 735 32
L 0 738 0 0.015353039 736 32
L 0 739 0 0.015359472 737 32
L 0 740 0 0.015364601 738 32
L 0 741 0 0.015369541 739 32
L 0 742 0 0.015374430 740 32
L 0 743 0 0.015379480 741 32
L 0 744 0 0.015384369 742 32
L 0 745 0 0.015389449 743 32
L 0 746 0 0.015394709 744 32
L 0 747 0 0.015400279 745 32
L 0 748 0 0.015405509 746 32
L 0 749 0 0.015410549 747 32
L 0 750 0 0.015415589 748 32
L 0 751 0 0.015513996 749 32
L 0 752 0 0.015524626 750 32
L 0 753 0 0.015529987 751 32
L 0 754 0 0.015535307 752 32
L 0 755 0 0.015540437 753 32
L 0 756 0 0.015545757 754 32
L 0 757 0 0.015550947 755 32
L 0 758 0 0.015555986 756 32
L 0 759 0 0.015560926 757 32
L 0 760 0 0.015566025 758 32
L 0 761 0 0.015571175 759 32
L 0 762 0 0.015576625 760 32
L 0 763 0 0.015582577 761 32
L 0 764 0 0.015587256 762 32
L 0 765 0 0.015592255 763 32
L 0 766 0 0.015596914 764 32
L 0 767 0 0.015601954 765 32
L 0 768 0 0.015607154 766 32
L 0 769 0 0.015612043 767 32
L 0 770 0 0.015617483 768 32
L 0 771 0 0.015622563 769 32
L 0 772 0 0.015627793 770 32
L 0 773 0 0.015632823 771 32
L 0 774 0 0.015637772 772 32
L 0 775 0 0.015642872 773 32
L 0 776 0 0.015648282 774 32
L 0 777 0 0.015653312 775 32
L 0 778 0 0.015658431 776 32
L 0 779 0 0.015663481 777 32
L 0 780 0 0.015668871 778 32
L 0 781 0 0.015674252 779 32
L 0 782 0 0.015679592 780 32
L 0 783 0 0.015684421 781 32
L 0 784 0 0.015688759 782 32
L 0 785 0 0.015692697 783 32
L 0 786 0 0.015697917 784 32
L 0 787 0 0.015703016 785 32
L 0 788 0 0.015708296 786 32
L 0 789 0 0.015713506 787 32
L 0 790 0 0.015719137 788 32
L 0 791 0 0.015723896 789 32
L 0 792 0 0.015727894 790 32
L 0 793 0 0.015732843 791 32
L 0 794 0 0.015737963 792 32
L 0 795 0 0.015743173 793 32
L 0 796 0 0.015748253 794 32
L 0 797 0 0.015753332 795 32
L 0 798 0 0.015758602 796 32
L 0 799 0 0.015764053 797 32
L 0 800 0 0.015769233 798 32
L 0 801 0 0.015773501 799 32
L 0 802 0 0.015778490 800 32
L 0 803 0 0.015783620 801 32
L 0 804 0 0.015788790 802 32
L 0 805 0 0.015793839 803 32
L 0 806 0 0.015799510 804 32
L 0 807 0 0.015804860 805 32
L 0 808 0 0.015810361 806 32
L 0 809 0 0.015816072 807 32
L 0 810 0 0.015821212 808 32
L 0 811 0 0.015826321 809 32
L 0 812 0 0.015831321 810 32
L 0 813 0 0.015836461 811 32
L 0 814 0 0.015841640 812 32
L 0 815 0 0.015846780 813 32
L 0 816 0 0.015851800 814 32
L 0 817 0 0.015856739 815 32
L 0 818 0 0.015861799 816 32
L 0 819 0 0.015866758 817 32
L 0 820 0 0.015872159 818 32
L 0 821 0 0.015877629 819 32
L 0 822 0 0.015883009 820 32
L 0 823 0 0.015888380 821 32
L 0 824 0 0.015893249 822 32
L 0 825 0 0.015897437 823 32
L 0 826 0 0.015902306 824 32
L 0 827 0 0.015907426 825 32
L 0 828 0 0.015913147 826 32
L 0 829 0 0.015918838 827 32
L 0 830 0 0.015924398 828 32
L 0 831 0 0.015928927 829 32
L 0 832 0 0.015933485 830 32
L 0 833 0 0.015938796 831 32
L 0 834 0 0.015943725 832 32
L 0 835 0 0.015948935 833 32
L 0 836 0 0.015954135 834 32
L 0 837 0 0.015959124 835 32
L 0 838 0 0.015964545 836 32
L 0 839 0 0.015969925 837 32
L 0 840 0 0.015974434 838 32
L 0 841 0 0.015979042 839 32
L 0 842 0 0.015984543 840 32
L 0 843 0 0.015990624 841 32
L 0 844 0 0.015995834 842 32
L 0 845 0 0.016001185 843 32
L 0 846 0 0.016006555 844 32
L 0 847 0 0.016010913 845 32
L 0 848 0 0.016014881 846 32
L 0 849 0 0.016018768 847 32
L 0 850 0 0.016022655 848 32
L 0 851 0 0.016026523 849 32
L 0 852 0 0.016030410 850 32
L 0 853 0 0.016034278 851 32
L 0 854 0 0.016038155 852 32
L 0 855 0 0.016042022 853 32
L 0 856 0 0.016045900 854 32
L 0 857 0 0.016068032 855 32
L 0 858 0 0.016071949 856 32
L 0 859 0 0.016075827 857 32
L 0 860 0 0.016079714 858 32
L 0 861 0 0.016083762 859 32
L 0 862 0 0.016087649 860 32
L 0 863 0 0.016092198 861 32
L 0 864 0 0.016096095 862 32
L 0 865 0 0.016099993 863 32
L 0 866 0 0.016103860 864 32
L 0 867 0 0.016107798 865 32
L 0 868 0 0.016116745 866 32
L 0 869 0 0.016120712 867 32
L 0 870 0 0.016124630 868 32
L 0 871 0 0.016128517 869 32
L 0 872 0 0.016132415 870 32
L 0 873 0 0.016136302 871 32
L 0 874 0 0.016140199 872 32
L 0 875 0 0.016144077 873 32
L 0 876 0 0.016147974 874 32
L 0 877 0 0.016151862 875 32
L 0 878 0 0.016155759 876 32
L 0 879 0 0.016159646 877 32
L 0 880 0 0.016163534 878 32
L 0 881 0 0.016167431 879 32
L 0 882 0 0.016171429 880 32
L 0 883 0 0.016175266 881 32
L 0 884 0 0.016179154 882 32
L 0 885 0 0.016183041 883 32
L 0 886 0 0.016186928 884 32
L 0 887 0 0.016190816 885 32
L 0 888 0 0.016194703 886 32
L 0 889 0 0.016198601 887 32
L 0 890 0 0.016202528 888 32
L 0 891 0 0.016206416 889 32
L 0 892 0 0.016210303 890 32
L 0 893 0 0.016214200 891 32
L 0 894 0 0.016218098 892 32
L 0 895 0 0.016221985 893 32
L 0 896 0 0.016225873 894 32
L 0 897 0 0.016229770 895 32
L 0 898 0 0.016233647 896 32
L 0 899 0 0.016237535 897 32
L 0 900 0 0.016241422 898 32
L 0 901 0 0.016245310 899 32
L 0 902 0 0.016249207 900 32
L 0 903 0 0.016253105 901 32
L 0 904 0 0.016257002 902 32
L 0 905 0 0.016260899 903 32
L 0 906 0 0.016264787 904 32
L 0 907 0 0.016268664 905 32
L 0 908 0 0.016272542 906 32
L 0 909 0 0.016276429 907 32
L 0 910 0 0.016280326 908 32
L 0 911 0 0.016284224 909 32
L 0 912 0 0.016288111 910 32
L 0 913 0 0.016291999 911 32
L 0 914 0 0.016295886 912 32
L 0 915 0 0.016299763 913 32
L 0 916 0 0.016303681 914 32
L 0 917 0 0.016307548 915 32
L 0 918 0 0.016311446 916 32
L 0 919 0 0.016315333 917 32
L 0 920 0 0.016319231 918 32
L 0 921 0 0.016323118 919 32
L 0 922 0 0.016327005 920 32
L 0 923 0 0.016330893 921 32
L 0 924 0 0.016334780 922 32
L 0 925 0 0.016338678 923 32
L 0 926 0 0.016342565 924 32
L 0 927 0 0.016346442 925 32
L 0 928 0 0.016350340 926 32
L 0 929 0 0.016354237 927 32
L 0 930 0 0.016358115 928 32
L 0 931 0 0.016362002 929 32
L 0 932 0 0.016365889 930 32
L 0 933 0 0.016369797 931 32
L 0 934 0 0.016373664 932 32
L 0 935 0 0.016377562 933 32
L 0 936 0 0.016381459 934 32
L 0 937 0 0.016385357 935 32
L 0 938 0 0.016389244 936 32
L 0 939 0 0.016393131 937 32
L 0 940 0 0.016397029 938 32
L 0 941 0 0.016400916 939 32
L 0 942 0 0.016404814 940 32
L 0 943 0 0.016408691 941 32
L 0 944 0 0.016412568 942 32
L 0 945 0 0.016416466 943 32
L 0 946 0 0.016420353 944 32
L 0 947 0 0.016424241 945 32
L 0 948 0 0.016428128 946 32
L 0 949 0 0.016432015 947 32
L 0 950 0 0.016435913 948 32
L 0 951 0 0.016439790 949 32
L 0 952 0 0.016443668 950 32
L 0 953 0 0.016447565 951 32
L 0 954 0 0.016451452 952 32
L 0 955 0 0.016455340 953 32
L 0 956 0 0.016459227 954 32
L 0 957 0 0.016463115 955 32
L 0 958 0 0.016467022 956 32
L 0 959 0 0.016470910 957 32
L 0 960 0 0.016474787 958 32
L 0 961 0 0.016478674 959 32
L 0 962 0 0.016482582 960 32
L 0 963 0 0.016486459 961 32
L 0 964 0 0.016490347 962 32
L 0 965 0 0.016494234 963 32
L 0 966 0 0.016498131 964 32
L 0 967 0 0.016502029 965 32
L 0 968 0 0.016505916 966 32
L 0 969 0 0.016509784 967 32
L 0 970 0 0.016513671 968 32
L 0 971 0 0.016517548 969 32
L 0 972 0 0.016521436 970 32
L 0 973 0 0.016525313 971 32
L 0 974 0 0.016529221 972 32
L 0 975 0 0.016533108 973 32
L 0 976 0 0.016536995 974 32
L 0 977 0 0.016540883 975 32
L 0 978 0 0.016544760 976 32
L 0 979 0 0.016548648 977 32
L 0 980 0 0.016552535 978 32
L 0 981 0 0.016556433 979 32
L 0 982 0 0.016560330 980 32
L 0 983 0 0.016564227 981 32
L 0 984 0 0.016568105 982 32
L 0 985 0 0.016572002 983 32
L 0 986 0 0.016575880 984 32
L 0 987 0 0.016579757 985 32
L 0 988 0 0.016583654 986 32
L 0 989 0 0.016587542 987 32
L 0 990 0 0.016591429 988 32
L 0 991 0 0.016595317 989 32
L 0 992 0 0.016599204 990 32
L 0 993 0 0.016603091 991 32
L 0 994 0 0.016606989 992 32
L 0 995 0 0.016610846 993 32
L 0 996 0 0.016614744 994 32
L 0 997 0 0.016618631 995 32
L 0 998 0 0.016628881 996 32
L 0 999 0 0.016632818 997 32
L 0 1000 0 0.016636705 998 32
L 0 1001 0 0.016640633 999 32
L 0 1002 1 0.017528795 0 32
L 0 1003 1 0.017551829 1 32
L 0 1004 1 0.017556077 2 32
L 0 1005 1 0.017560265 3 32
L 0 1006 1 0.017564253 4 32
L 0 1007 1 0.017568902 5 32
L 0 1008 1 0.017573761 6 32
L 0 1009 1 0.017577769 7 32
L 0 1010 1 0.017581736 8 32
L 0 1011 1 0.017585694 9 32
L 0 1012 1 0.017589621 10 32
L 0 1013 1 0.017593579 11 32
L 0 1014 1 0.017597536 12 32
L 0 1015 1 0.017601514 13 32
L 0 1016 1 0.017605441 14 32
L 0 1017 1 0.017609369 15 32
L 0 1018 1 0.017613306 16 32
L 0 1019 1 0.017617244 17 32
L 0 1020 1 0.017621232 18 32
L 0 1021 1 0.017625159 19 32
L 0 1022 1 0.017629197 20 32
L 0 1023 1 0.017707656 21 32
L 0 1024 1 0.017721112 22 32
L 0 1025 1 0.017725450 23 32
L 0 1026 1 0.017729378 24 32
L 0 1027 1 0.017733265 25 32
L 0 1028 1 0.017737393 26 32
L 0 1029 1 0.017741501 27 32
L 0 1030 1 0.017745418 28 32
L 0 1031 1 0.017749316 29 32
L 0 1032 1 0.017753203 30 32
L 0 1033 1 0.017757090 31 32
L 0 1034 1 0.017760978 32 32
L 0 1035 1 0.017764865 33 32
L 0 1036 1 0.017768753 34 32
L 0 1037 1 0.017772650 35 32
L 0 1038 1 0.017776547 36 32
L 0 1039 1 0.017780695 37 32
L 0 1040 1 0.017784583 38 32
L 0 1041 1 0.017788460 39 32
L 0 1042 1 0.017792348 40 32
L 0 1043 1 0.017796245 41 32
L 0 1044 1 0.017800132 42 32
L 0 1045 1 0.017804010 43 32
L 0 1046 1 0.017807907 44 32
L 0 1047 1 0.017811805 45 32
L 0 1048 1 0.017815692 46 32
L 0 1049 1 0.017819569 47 32
L 0 1050 1 0.017823477 48 32
L 0 1051 1 0.017827364 49 32
L 0 1052 1 0.017833105 50 32
L 0 1053 1 0.017838636 51 32
L 0 1054 1 0.017844477 52 32
L 0 1055 1 0.017849486 53 32
L 0 1056 1 0.017861680 54 32
L 0 1057 1 0.017868242 55 32
L 0 1058 1 0.017873532 56 32
L 0 1059 1 0.017878592 57 32
L 0 1060 1 0.017883010 58 32
L 0 1061 1 0.017886948 59 32
L 0 1062 1 0.017890845 60 32
L 0 1063 1 0.017894863 61 32
L 0 1064 1 0.017898730 62 32
L 0 1065 1 0.017902618 63 32
L 0 1066 1 0.017906495 64 32
L 0 1067 1 0.017910372 65 32
L 0 1068 1 0.017914260 66 32
L 0 1069 1 0.017918157 67 32
L 0 1070 1 0.017922035 68 32
L 0 1071 1 0.017925912 69 32
L 0 1072 1 0.017929789 70 32
L 0 1073 1 0.017933687 71 32
L 0 1074 1 0.017937574 72 32
L 0 1075 1 0.017941452 73 32
L 0 1076 1 0.017945329 74 32
L 0 1077 1 0.017949217 75 32
L 0 1078 1 0.017953084 76 32
L 0 1079 1 0.017957192 77 32
L 0 1080 1 0.017961991 78 32
L 0 1081 1 0.017966339 79 32
L 0 1082 1 0.017970237 80 32
L 0 1083 1 0.017974134 81 32
L 0 1084 1 0.017978011 82 32
L 0 1085 1 0.017981909 83 32
L 0 1086 1 0.017985796 84 32
L 0 1087 1 0.017989684 85 32
L 0 1088 1 0.017993571 86 32
L 0 1089 1 0.018012237 87 32
L 0 1090 1 0.018016264 88 32
L 0 1091 1 0.018020172 89 32
L 0 1092 1 0.018024059 90 32
L 0 1093 1 0.018027947 91 32
L 0 1094 1 0.018031824 92 32
L 0 1095 1 0.018035711 93 32
L 0 1096 1 0.018039609 94 32
L 0 1097 1 0.018043496 95 32
L 0 1098 1 0.018047374 96 32
L 0 1099 1 0.018051281 97 32
L 0 1100 1 0.018055168 98 32
L 0 1101 1 0.018059056 99 32
L 0 1102 1 0.018062943 100 32
L 0 1103 1 0.018066841 101 32
L 0 1104 1 0.018070738 102 32
L 0 1105 1 0.018074635 103 32
L 0 1106 1 0.018078523 104 32
L 0 1107 1 0.018082430 105 32
L 0 1108 1 0.018086318 106 32
L 0 1109 1 0.018090205 107 32
L 0 1110 1 0.018094123 108 32
L 0 1111 1 0.018098020 109 32
L 0 1112 1 0.018101968 110 32
L 0 1113 1 0.018105865 111 32
L 0 1114 1 0.018109752 112 32
L 0 1115 1 0.018113650 113 32
L 0 1116 1 0.018117547 114 32
L 0 1117 1 0.018121425 115 32
L 0 1118 1 0.018125312 116 32
L 0 1119 1 0.018129199 117 32
L 0 1120 1 0.018133077 118 32
L 0 1121 1 0.018136974 119 32
L 0 1122 1 0.018140862 120 32
L 0 1123 1 0.018144749 121 32
L 0 1124 1 0.018148647 122 32
L 0 1125 1 0.018152534 123 32
L 0 1126 1 0.018156431 124 32
L 0 1127 1 0.018160319 125 32
L 0 1128 1 0.018164196 126 32
L 0 1129 1 0.018168094 127 32
L 0 1130 1 0.018171971 128 32
L 0 1131 1 0.018175868 129 32
L 0 1132 1 0.018179746 130 32
L 0 1133 1 0.018183643 131 32
L 0 1134 1 0.018187521 132 32
L 0 1135 1 0.018191408 133 32
L 0 1136 1 0.018195305 134 32
L 0 1137 1 0.018199193 135 32
L 0 1138 1 0.018212588 136 32
L 0 1139 1 0.018216576 137 32
L 0 1140 1 0.018220483 138 32
L 0 1141 1 0.018224391 139 32
L 0 1142 1 0.018228328 140 32
L 0 1143 1 0.018232206 141 32
L 0 1144 1 0.018236103 142 32
L 0 1145 1 0.018240001 143 32
L 0 1146 1 0.018243888 144 32
L 0 1147 1 0.018247785 145 32
L 0 1148 1 0.018251693 146 32
L 0 1149 1 0.018255580 147 32
L 0 1150 1 0.018259478 148 32
L 0 1151 1 0.018263365 149 32
L 0 1152 1 0.018267263 150 32
L 0 1153 1 0.018271150 151 32
L 0 1154 1 0.018275047 152 32
L 0 1155 1 0.018278945 153 32
L 0 1156 1 0.018282842 154 32
L 0 1157 1 0.018286730 155 32
L 0 1158 1 0.018290627 156 32
L 0 1159 1 0.018294514 157 32
L 0 1160 1 0.018298402 158 32
L 0 1161 1 0.018302279 159 32
L 0 1162 1 0.018306167 160 32
L 0 1163 1 0.018310074 161 32
L 0 1164 1 0.018313972 162 32
L 0 1165 1 0.018317859 163 32
L 0 1166 1 0.018321756 164 32
L 0 1167 1 0.018325644 165 32
L 0 1168 1 0.018329551 166 32
L 0 1169 1 0.018333429 167 32
L 0 1170 1 0.018337326 168 32
L 0 1171 1 0.018341234 169 32
L 0 1172 1 0.018345121 170 32
L 0 1173 1 0.018349008 171 32
L 0 1174 1 0.018352916 172 32
L 0 1175 1 0.018356813 173 32
L 0 1176 1 0.018360701 174 32
L 0 1177 1 0.018364598 175 32
L 0 1178 1 0.018368986 176 32
L 0 1179 1 0.018374096 177 32
L 0 1180 1 0.018379446 178 32
L 0 1181 1 0.018387652 179 32
L 0 1182 1 0.018400146 180 32
L 0 1183 1 0.018405746 181 32
L 0 1184 1 0.018410596 182 32
L 0 1185 1 0.018415445 183 32
L 0 1186 1 0.018420264 184 32
L 0 1187 1 0.018425364 185 32
L 0 1188 1 0.018431325 186 32
L 0 1189 1 0.018436665 187 32
L 0 1190 1 0.018443518 188 32
L 0 1191 1 0.018448808 189 32
L 0 1192 1 0.018453638 190 32
L 0 1193 1 0.018459008 191 32
L 0 1194 1 0.018463907 192 32
L 0 1195 1 0.018468316 193 32
L 0 1196 1 0.018472444 194 32
L 0 1197 1 0.018476331 195 32
L 0 1198 1 0.018480248 196 32
L 0 1199 1 0.018484126 197 32
L 0 1200 1 0.018488013 198 32
L 0 1201 1 0.018491911 199 32
L 0 1202 1 0.018495788 200 32
L 0 1203 1 0.018499685 201 32
L 0 1204 1 0.018503583 202 32
L 0 1205 1 0.018507470 203 32
L 0 1206 1 0.018511358 204 32
L 0 1207 1 0.018515245 205 32
L 0 1208 1 0.018519132 206 32
L 0 1209 1 0.018523020 207 32
L 0 1210 1 0.018526917 208 32
L 0 1211 1 0.018530805 209 32
L 0 1212 1 0.018534692 210 32
L 0 1213 1 0.018538570 211 32
L 0 1214 1 0.018542447 212 32
L 0 1215 1 0.018546455 213 32
L 0 1216 1 0.018550332 214 32
L 0 1217 1 0.018554219 215 32
L 0 1218 1 0.018558097 216 32
L 0 1219 1 0.018562245 217 32
L 0 1220 1 0.018566152 218 32
L 0 1221 1 0.018570039 219 32
L 0 1222 1 0.018573947 220 32
L 0 1223 1 0.018577854 221 32
L 0 1224 1 0.018581732 222 32
L 0 1225 1 0.018585629 223 32
L 0 1226 1 0.018589527 224 32
L 0 1227 1 0.018593424 225 32
L 0 1228 1 0.018597321 226 32
L 0 1229 1 0.018601209 227 32
L 0 1230 1 0.018605096 228 32
L 0 1231 1 0.018608984 229 32
L 0 1232 1 0.018612871 230 32
L 0 1233 1 0.018616759 231 32
L 0 1234 1 0.018620656 232 32
L 0 1235 1 0.018624553 233 32
L 0 1236 1 0.018628461 234 32
L 0 1237 1 0.018632358 235 32
L 0 1238 1 0.018636256 236 32
L 0 1239 1 0.018640153 237 32
L 0 1240 1 0.018645323 238 32
L 0 1241 1 0.018650864 239 32
L 0 1242 1 0.018656284 240 32
L 0 1243 1 0.018660923 241 32
L 0 1244 1 0.018665181 242 32
L 0 1245 1 0.018669118 243 32
L 0 1246 1 0.018673026 244 32
L 0 1247 1 0.018676903 245 32
L 0 1248 1 0.018680770 246 32
L 0 1249 1 0.018684678 247 32
L 0 1250 1 0.018688565 248 32
L 0 1251 1 0.018692453 249 32
L 0 1252 1 0.018696340 250 32
L 0 1253 1 0.018700598 251 32
L 0 1254 1 0.018705818 252 32
L 0 1255 1 0.018711229 253 32
L 0 1256 1 0.018715727 254 32
L 0 1257 1 0.018720075 255 32
L 0 1258 1 0.018724223 256 32
L 0 1259 1 0.018728101 257 32
L 0 1260 1 0.018731988 258 32
L 0 1261 1 0.018735886 259 32
L 0 1262 1 0.018741035 260 32
L 0 1263 1 0.018746265 261 32
L 0 1264 1 0.018751756 262 32
L 0 1265 1 0.018756695 263 32
L 0 1266 1 0.018761013 264 32
L 0 1267 1 0.018766093 265 32
L 0 1268 1 0.018771523 266 32
L 0 1269 1 0.018776152 267 32
L 0 1270 1 0.018780340 268 32
L 0 1271 1 0.018784258 269 32
L 0 1272 1 0.018788135 270 32
L 0 1273 1 0.018792022 271 32
L 0 1274 1 0.018795910 272 32
L 0 1275 1 0.018825126 273 32
L 0 1276 1 0.018829143 274 32
L 0 1277 1 0.018833061 275 32
L 0 1278 1 0.018836978 276 32
L 0 1279 1 0.018840886 277 32
L 0 1280 1 0.018844773 278 32
L 0 1281 1 0.018848731 279 32
L 0 1282 1 0.018852638 280 32
L 0 1283 1 0.018856555 281 32
L 0 1284 1 0.018860473 282 32
L 0 1285 1 0.018864380 283 32
L 0 1286 1 0.018868278 284 32
L 0 1287 1 0.018872175 285 32
L 0 1288 1 0.018876053 286 32
L 0 1289 1 0.018879950 287 32
L 0 1290 1 0.018883847 288 32
L 0 1291 1 0.018887755 289 32
L 0 1292 1 0.018891652 290 32
L 0 1293 1 0.018895550 291 32
L 0 1294 1 0.018899447 292 32
L 0 1295 1 0.018903345 293 32
L 0 1296 1 0.018907222 294 32
L 0 1297 1 0.018911119 295 32
L 0 1298 1 0.018915007 296 32
L 0 1299 1 0.018918904 297 32
L 0 1300 1 0.018950535 298 32
L 0 1301 1 0.018959522 299 32
L 0 1302 1 0.018963870 300 32
L 0 1303 1 0.018967777 301 32
L 0 1304 1 0.018971685 302 32
L 0 1305 1 0.018982746 303 32
L 0 1306 1 0.018986844 304 32
L 0 1307 1 0.018990751 305 32
L 0 1308 1 0.018994659 306 32
L 0 1309 1 0.018998556 307 32
L 0 1310 1 0.019002453 308 32
L 0 1311 1 0.019006361 309 32
L 0 1312 1 0.019010278 310 32
L 0 1313 1 0.019014216 311 32
L 0 1314 1 0.019018113 312 32
L 0 1315 1 0.019022071 313 32
L 0 1316 1 0.019025978 314 32
L 0 1317 1 0.019029856 315 32
L 0 1318 1 0.019033763 316 32
L 0 1319 1 0.019037701 317 32
L 0 1320 1 0.019041588 318 32
L 0 1321 1 0.019045566 319 32
L 0 1322 1 0.019049513 320 32
L 0 1323 1 0.019053431 321 32
L 0 1324 1 0.019057358 322 32
L 0 1325 1 0.019061245 323 32
L 0 1326 1 0.019065163 324 32
L 0 1327 1 0.019069060 325 32
L 0 1328 1 0.019072988 326 32
L 0 1329 1 0.019076905 327 32
L 0 1330 1 0.019080813 328 32
L 0 1331 1 0.019084720 329 32
L 0 1332 1 0.019088638 330 32
L 0 1333 1 0.019092525 331 32
L 0 1334 1 0.019096433 332 32
L 0 1335 1 0.019100320 333 32
L 0 1336 1 0.019104227 334 32
L 0 1337 1 0.019108135 335 32
L 0 1338 1 0.019112042 336 32
L 0 1339 1 0.019115940 337 32
L 0 1340 1 0.019119837 338 32
L 0 1341 1 0.019123725 339 32
L 0 1342 1 0.019127642 340 32
L 0 1343 1 0.019131539 341 32
L 0 1344 1 0.019135427 342 32
L 0 1345 1 0.019139334 343 32
L 0 1346 1 0.019143232 344 32
L 0 1347 1 0.019147119 345 32
L 0 1348 1 0.019151037 346 32
L 0 1349 1 0.019154934 347 32
L 0 1350 1 0.019158831 348 32
L 0 1351 1 0.019162739 349 32
L 0 1352 1 0.019166636 350 32
L 0 1353 1 0.019170534 351 32
L 0 1354 1 0.019174421 352 32
L 0 1355 1 0.019178339 353 32
L 0 1356 1 0.019182246 354 32
L 0 1357 1 0.019186143 355 32
L 0 1358 1 0.019190051 356 32
L 0 1359 1 0.019193948 357 32
L 0 1360 1 0.019197856 358 32
L 0 1361 1 0.019201753 359 32
L 0 1362 1 0.019205651 360 32
L 0 1363 1 0.019209568 361 32
L 0 1364 1 0.019213486 362 32
L 0 1365 1 0.019217383 363 32
L 0 1366 1 0.019221280 364 32
L 0 1367 1 0.019225388 365 32
L 0 1368 1 0.019229496 366 32
L 0 1369 1 0.019233394 367 32
L 0 1370 1 0.019237311 368 32
L 0 1371 1 0.019241238 369 32
L 0 1372 1 0.019245136 370 32
L 0 1373 1 0.019249043 371 32
L 0 1374 1 0.019252951 372 32
L 0 1375 1 0.019256848 373 32
L 0 1376 1 0.019260756 374 32
L 0 1377 1 0.019264673 375 32
L 0 1378 1 0.019268581 376 32
L 0 1379 1 0.019272488 377 32
L 0 1380 1 0.019276395 378 32
L 0 1381 1 0.019280283 379 32
L 0 1382 1 0.019284200 380 32
L 0 1383 1 0.019288118 381 32
L 0 1384 1 0.019292025 382 32
L 0 1385 1 0.019295933 383 32
L 0 1386 1 0.019299840 384 32
L 0 1387 1 0.019303848 385 32
L 0 1388 1 0.019307735 386 32
L 0 1389 1 0.019311633 387 32
L 0 1390 1 0.019315550 388 32
L 0 1391 1 0.019319448 389 32
L 0 1392 1 0.019323355 390 32
L 0 1393 1 0.019327262 391 32
L 0 1394 1 0.019331190 392 32
L 0 1395 1 0.019335097 393 32
L 0 1396 1 0.019339015 394 32
L 0 1397 1 0.019399931 395 32
L 0 1398 1 0.019406884 396 32
L 0 1399 1 0.019410842 397 32
L 0 1400 1 0.019414739 398 32
L 0 1401 1 0.019418657 399 32
L 0 1402 1 0.019422554 400 32
L 0 1403 1 0.019426461 401 32
L 0 1404 1 0.019431681 402 32
L 0 1405 1 0.019436921 403 32
L 0 1406 1 0.019441801 404 32
L 0 1407 1 0.019446059 405 32
L 0 1408 1 0.019450788 406 32
L 0 1409 1 0.019456018 407 32
L 0 1410 1 0.019461538 408 32
L 0 1411 1 0.019483049 409 32
L 0 1412 1 0.019488600 410 32
L 0 1413 1 0.019493930 411 32
L 0 1414 1 0.019499330 412 32
L 0 1415 1 0.019504430 413 32
L 0 1416 1 0.019509339 414 32
L 0 1417 1 0.019515160 415 32
L 0 1418 1 0.019522354 416 32
L 0 1419 1 0.019527935 417 32
L 0 1420 1 0.019533375 418 32
L 0 1421 1 0.019538685 419 32
L 0 1422 1 0.019543484 420 32
L 0 1423 1 0.019548644 421 32
L 0 1424 1 0.019553624 422 32
L 0 1425 1 0.019558633 423 32
L 0 1426 1 0.019563743 424 32
L 0 1427 1 0.019568793 425 32
L 0 1428 1 0.019573822 426 32
L 0 1429 1 0.019578792 427 32
L 0 1430 1 0.019583661 428 32
L 0 1431 1 0.019589312 429 32
L 0 1432 1 0.019594231 430 32
L 0 1433 1 0.019599120 431 32
L 0 1434 1 0.019604581 432 32
L 0 1435 1 0.019609550 433 32
L 0 1436 1 0.019614410 434 32
L 0 1437 1 0.019619449 435 32
L 0 1438 1 0.019624278 436 32
L 0 1439 1 0.019629538 437 32
L 0 1440 1 0.019635520 438 32
L 0 1441 1 0.019640349 439 32
L 0 1442 1 0.019645619 440 32
L 0 1443 1 0.019651450 441 32
L 0 1444 1 0.019656891 442 32
L 0 1445 1 0.019661870 443 32
L 0 1446 1 0.019666699 444 32
L 0 1447 1 0.019671258 445 32
L 0 1448 1 0.019676308 446 32
L 0 1449 1 0.019682209 447 32
L 0 1450 1 0.019687809 448 32
L 0 1451 1 0.019693761 449 32
L 0 1452 1 0.019698921 450 32
L 0 1453 1 0.019703810 451 32
L 0 1454 1 0.019709110 452 32
L 0 1455 1 0.019714530 453 32
L 0 1456 1 0.019719480 454 32
L 0 1457 1 0.019724860 455 32
L 0 1458 1 0.019730110 456 32
L 0 1459 1 0.019734338 457 32
L 0 1460 1 0.019739117 458 32
L 0 1461 1 0.019744307 459 32
L 0 1462 1 0.019749527 460 32
L 0 1463 1 0.019758895 461 32
L 0 1464 1 0.019768503 462 32
L 0 1465 1 0.019773853 463 32
L 0 1466 1 0.019778663 464 32
L 0 1467 1 0.019783973 465 32
L 0 1468 1 0.019788942 466 32
L 0 1469 1 0.019793912 467 32
L 0 1470 1 0.019798751 468 32
L 0 1471 1 0.019803420 469 32
L 0 1472 1 0.019808780 470 32
L 0 1473 1 0.019899503 471 32
L 0 1474 1 0.019909622 472 32
L 0 1475 1 0.019915634 473 32
L 0 1476 1 0.019920403 474 32
L 0 1477 1 0.019925913 475 32
L 0 1478 1 0.019930762 476 32
L 0 1479 1 0.019936022 477 32
L 0 1480 1 0.019941994 478 32
L 0 1481 1 0.019947013 479 32
L 0 1482 1 0.019952354 480 32
L 0 1483 1 0.019957573 481 32
L 0 1484 1 0.019964276 482 32
L 0 1485 1 0.019968815 483 32
L 0 1486 1 0.019973844 484 32
L 0 1487 1 0.019978654 485 32
L 0 1488 1 0.019983743 486 32
L 0 1489 1 0.019988893 487 32
L 0 1490 1 0.019994464 488 32
L 0 1491 1 0.019999193 489 32
L 0 1492 1 0.020004092 490 32
L 0 1493 1 0.020009062 491 32
L 0 1494 1 0.020013991 492 32
L 0 1495 1 0.020018630 493 32
L 0 1496 1 0.020023599 494 32
L 0 1497 1 0.020028439 495 32
L 0 1498 1 0.020033258 496 32
L 0 1499 1 0.020039019 497 32
L 0 1500 1 0.020044489 498 32
L 0 1501 1 0.020049960 499 32
L 0 1502 1 0.020055580 500 32
L 0 1503 1 0.020060850 501 32
L 0 1504 1 0.020066030 502 32
L 0 1505 1 0.020071080 503 32
L 0 1506 1 0.020075909 504 32
L 0 1507 1 0.020081119 505 32
L 0 1508 1 0.020085688 506 32
L 0 1509 1 0.020090487 507 32
L 0 1510 1 0.020095627 508 32
L 0 1511 1 0.020100927 509 32
L 0 1512 1 0.020106257 510 32
L 0 1513 1 0.020111507 511 32
L 0 1514 1 0.020116386 512 32
L 0 1515 1 0.020121336 513 32
L 0 1516 1 0.020126085 514 32
L 0 1517 1 0.020130934 515 32
L 0 1518 1 0.020136484 516 32
L 0 1519 1 0.020141434 517 32
L 0 1520 1 0.020146283 518 32
L 0 1521 1 0.020168485 519 32
L 0 1522 1 0.020175318 520 32
L 0 1523 1 0.020180779 521 32
L 0 1524 1 0.020185899 522 32
L 0 1525 1 0.020191229 523 32
L 0 1526 1 0.020196399 524 32
L 0 1527 1 0.020202009 525 32
L 0 1528 1 0.020206979 526 32
L 0 1529 1 0.020213020 527 32
L 0 1530 1 0.020218801 528 32
L 0 1531 1 0.020223991 529 32
L 0 1532 1 0.020231165 530 32
L 0 1533 1 0.020237898 531 32
L 0 1534 1 0.020242937 532 32
L 0 1535 1 0.020248738 533 32
L 0 1536 1 0.020254820 534 32
L 0 1537 1 0.020259910 535 32
L 0 1538 1 0.020265210 536 32
L 0 1539 1 0.020270209 537 32
L 0 1540 1 0.020275569 538 32
L 0 1541 1 0.020280559 539 32
L 0 1542 1 0.020285619 540 32
L 0 1543 1 0.020291039 541 32
L 0 1544 1 0.020296680 542 32
L 0 1545 1 0.020301499 543 32
L 0 1546 1 0.020306999 544 32
L 0 1547 1 0.020312289 545 32
L 0 1548 1 0.020334351 546 32
L 0 1549 1 0.020339611 547 32
L 0 1550 1 0.020345533 548 32
L 0 1551 1 0.020351304 549 32
L 0 1552 1 0.020356985 550 32
L 0 1553 1 0.020363166 551 32
L 0 1554 1 0.020368757 552 32
L 0 1555 1 0.020374157 553 32
L 0 1556 1 0.020379698 554 32
L 0 1557 1 0.020385369 555 32
L 0 1558 1 0.020391801 556 32
L 0 1559 1 0.020397151 557 32
L 0 1560 1 0.020402151 558 32
L 0 1561 1 0.020408503 559 32
L 0 1562 1 0.020413993 560 32
L 0 1563 1 0.020421457 561 32
L 0 1564 1 0.020428521 562 32
L 0 1565 1 0.020436095 563 32
L 0 1566 1 0.020441706 564 32
L 0 1567 1 0.020447367 565 32
L 0 1568 1 0.020452737 566 32
L 0 1569 1 0.020458258 567 32
L 0 1570 1 0.020463247 568 32
L 0 1571 1 0.020468457 569 32
L 0 1572 1 0.020473787 570 32
L 0 1573 1 0.020479197 571 32
L 0 1574 1 0.020484067 572 32
L 0 1575 1 0.020489066 573 32
L 0 1576 1 0.020494977 574 32
L 0 1577 1 0.020500157 575 32
L 0 1578 1 0.020505087 576 32
L 0 1579 1 0.020509345 577 32
L 0 1580 1 0.020513583 578 32
L 0 1581 1 0.020517571 579 32
L 0 1582 1 0.020521498 580 32
L 0 1583 1 0.020525426 581 32
L 0 1584 1 0.020529323 582 32
L 0 1585 1 0.020533882 583 32
L 0 1586 1 0.020539001 584 32
L 0 1587 1 0.020544271 585 32
L 0 1588 1 0.020554681 586 32
L 0 1589 1 0.020564089 587 32
L 0 1590 1 0.020569510 588 32
L 0 1591 1 0.020573968 589 32
L 0 1592 1 0.020577956 590 32
L 0 1593 1 0.020581893 591 32
L 0 1594 1 0.020585791 592 32
L 0 1595 1 0.020589688 593 32
L 0 1596 1 0.020593575 594 32
L 0 1597 1 0.020597493 595 32
L 0 1598 1 0.020601380 596 32
L 0 1599 1 0.020605288 597 32
L 0 1600 1 0.020609175 598 32
L 0 1601 1 0.020613073 599 32
L 0 1602 1 0.020617020 600 32
L 0 1603 1 0.020620917 601 32
L 0 1604 1 0.020624805 602 32
L 0 1605 1 0.020628692 603 32
L 0 1606 1 0.020632580 604 32
L 0 1607 1 0.020636487 605 32
L 0 1608 1 0.020640375 606 32
L 0 1609 1 0.020644282 607 32
L 0 1610 1 0.020648640 608 32
L 0 1611 1 0.020652878 609 32
L 0 1612 1 0.020656796 610 32
L 0 1613 1 0.020660703 611 32
L 0 1614 1 0.020664621 612 32
L 0 1615 1 0.020668518 613 32
L 0 1616 1 0.020672436 614 32
L 0 1617 1 0.020676343 615 32
L 0 1618 1 0.020680241 616 32
L 0 1619 1 0.020684148 617 32
L 0 1620 1 0.020688045 618 32
L 0 1621 1 0.020691943 619 32
L 0 1622 1 0.020695870 620 32
L 0 1623 1 0.020699798 621 32
L 0 1624 1 0.020703705 622 32
L 0 1625 1 0.020707693 623 32
L 0 1626 1 0.020711600 624 32
L 0 1627 1 0.020715488 625 32
L 0 1628 1 0.020719405 626 32
L 0 1629 1 0.020723313 627 32
L 0 1630 1 0.020727230 628 32
L 0 1631 1 0.020731127 629 32
L 0 1632 1 0.020735035 630 32
L 0 1633 1 0.020738932 631 32
L 0 1634 1 0.020742840 632 32
L 0 1635 1 0.020747549 633 32
L 0 1636 1 0.020752849 634 32
L 0 1637 1 0.020757868 635 32
L 0 1638 1 0.020763018 636 32
L 0 1639 1 0.020776424 637 32
L 0 1640 1 0.020782736 638 32
L 0 1641 1 0.020787876 639 32
L 0 1642 1 0.020793116 640 32
L 0 1643 1 0.020798436 641 32
L 0 1644 1 0.020802924 642 32
L 0 1645 1 0.020806892 643 32
L 0 1646 1 0.020810829 644 32
L 0 1647 1 0.020814717 645 32
L 0 1648 1 0.020818624 646 32
L 0 1649 1 0.020822532 647 32
L 0 1650 1 0.020826429 648 32
L 0 1651 1 0.020830357 649 32
L 0 1652 1 0.020834234 650 32
L 0 1653 1 0.020838131 651 32
L 0 1654 1 0.020842029 652 32
L 0 1655 1 0.020845936 653 32
L 0 1656 1 0.020849834 654 32
L 0 1657 1 0.020853731 655 32
L 0 1658 1 0.020857639 656 32
L 0 1659 1 0.020861536 657 32
L 0 1660 1 0.020865433 658 32
L 0 1661 1 0.020869331 659 32
L 0 1662 1 0.020873228 660 32
L 0 1663 1 0.020877176 661 32
L 0 1664 1 0.020881063 662 32
L 0 1665 1 0.020884981 663 32
L 0 1666 1 0.020888878 664 32
L 0 1667 1 0.020892786 665 32
L 0 1668 1 0.020896703 666 32
L 0 1669 1 0.020900600 667 32
L 0 1670 1 0.020904508 668 32
L 0 1671 1 0.020908415 669 32
L 0 1672 1 0.020912313 670 32
L 0 1673 1 0.020916220 671 32
L 0 1674 1 0.020920318 672 32
L 0 1675 1 0.020924706 673 32
L 0 1676 1 0.020928624 674 32
L 0 1677 1 0.020932531 675 32
L 0 1678 1 0.020936439 676 32
L 0 1679 1 0.020940336 677 32
L 0 1680 1 0.020944244 678 32
L 0 1681 1 0.020948141 679 32
L 0 1682 1 0.020952048 680 32
L 0 1683 1 0.020955936 681 32
L 0 1684 1 0.020977988 682 32
L 0 1685 1 0.020981925 683 32
L 0 1686 1 0.020986264 684 32
L 0 1687 1 0.020991624 685 32
L 0 1688 1 0.021000110 686 32
L 0 1689 1 0.021010370 687 32
L 0 1690 1 0.021016491 688 32
L 0 1691 1 0.021021701 689 32
L 0 1692 1 0.021026991 690 32
L 0 1693 1 0.021032402 691 32
L 0 1694 1 0.021037231 692 32
L 0 1695 1 0.021041489 693 32
L 0 1696 1 0.021045376 694 32
L 0 1697 1 0.021049264 695 32
L 0 1698 1 0.021053141 696 32
L 0 1699 1 0.021057028 697 32
L 0 1700 1 0.021060916 698 32
L 0 1701 1 0.021064783 699 32
L 0 1702 1 0.021069011 700 32
L 0 1703 1 0.021072929 701 32
L 0 1704 1 0.021077518 702 32
L 0 1705 1 0.021081796 703 32
L 0 1706 1 0.021085964 704 32
L 0 1707 1 0.021090132 705 32
L 0 1708 1 0.021094951 706 32
L 0 1709 1 0.021100481 707 32
L 0 1710 1 0.021105952 708 32
L 0 1711 1 0.021111292 709 32
L 0 1712 1 0.021117394 710 32
L 0 1713 1 0.021123385 711 32
L 0 1714 1 0.021128274 712 32
L 0 1715 1 0.021132562 713 32
L 0 1716 1 0.021136780 714 32
L 0 1717 1 0.021140698 715 32
L 0 1718 1 0.021144635 716 32
L 0 1719 1 0.021148543 717 32
L 0 1720 1 0.021152470 718 32
L 0 1721 1 0.021156368 719 32
L 0 1722 1 0.021160275 720 32
L 0 1723 1 0.021164183 721 32
L 0 1724 1 0.021168090 722 32
L 0 1725 1 0.021172008 723 32
L 0 1726 1 0.021175915 724 32
L 0 1727 1 0.021179893 725 32
L 0 1728 1 0.021183770 726 32
L 0 1729 1 0.021187677 727 32
L 0 1730 1 0.021191595 728 32
L 0 1731 1 0.021195502 729 32
L 0 1732 1 0.021199410 730 32
L 0 1733 1 0.021203307 731 32
L 0 1734 1 0.021207215 732 32
L 0 1735 1 0.021211162 733 32
L 0 1736 1 0.021222985 734 32
L 0 1737 1 0.021227113 735 32
L 0 1738 1 0.021231050 736 32
L 0 1739 1 0.021234968 737 32
L 0 1740 1 0.021238865 738 32
L 0 1741 1 0.021242762 739 32
L 0 1742 1 0.021246650 740 32
L 0 1743 1 0.021250577 741 32
L 0 1744 1 0.021254505 742 32
L 0 1745 1 0.021258422 743 32
L 0 1746 1 0.021262320 744 32
L 0 1747 1 0.021266197 745 32
L 0 1748 1 0.021270125 746 32
L 0 1749 1 0.021274042 747 32
L 0 1750 1 0.021277959 748 32
L 0 1751 1 0.021281857 749 32
L 0 1752 1 0.021285774 750 32
L 0 1753 1 0.021289652 751 32
L 0 1754 1 0.021293569 752 32
L 0 1755 1 0.021297477 753 32
L 0 1756 1 0.021301374 754 32
L 0 1757 1 0.021305272 755 32
L 0 1758 1 0.021309149 756 32
L 0 1759 1 0.021313056 757 32
L 0 1760 1 0.021316964 758 32
L 0 1761 1 0.021320861 759 32
L 0 1762 1 0.021324769 760 32
L 0 1763 1 0.021328756 761 32
L 0 1764 1 0.021332634 762 32
L 0 1765 1 0.021336541 763 32
L 0 1766 1 0.021340449 764 32
L 0 1767 1 0.021344356 765 32
L 0 1768 1 0.021348253 766 32
L 0 1769 1 0.021352141 767 32
L 0 1770 1 0.021356048 768 32
L 0 1771 1 0.021359956 769 32
L 0 1772 1 0.021363863 770 32
L 0 1773 1 0.021367771 771 32
L 0 1774 1 0.021371658 772 32
L 0 1775 1 0.021375565 773 32
L 0 1776 1 0.021379463 774 32
L 0 1777 1 0.021383370 775 32
L 0 1778 1 0.021387268 776 32
L 0 1779 1 0.021391165 777 32
L 0 1780 1 0.021395053 778 32
L 0 1781 1 0.021398950 779 32
L 0 1782 1 0.021402867 780 32
L 0 1783 1 0.021406755 781 32
L 0 1784 1 0.021410672 782 32
L 0 1785 1 0.021414550 783 32
L 0 1786 1 0.021418467 784 32
L 0 1787 1 0.021422375 785 32
L 0 1788 1 0.021426272 786 32
L 0 1789 1 0.021430170 787 32
L 0 1790 1 0.021434067 788 32
L 0 1791 1 0.021437944 789 32
L 0 1792 1 0.021441852 790 32
L 0 1793 1 0.021445779 791 32
L 0 1794 1 0.021449667 792 32
L 0 1795 1 0.021453574 793 32
L 0 1796 1 0.021457472 794 32
L 0 1797 1 0.021461369 795 32
L 0 1798 1 0.021465276 796 32
L 0 1799 1 0.021469184 797 32
L 0 1800 1 0.021473091 798 32
L 0 1801 1 0.021476969 799 32
L 0 1802 1 0.021480886 800 32
L 0 1803 1 0.021484804 801 32
L 0 1804 1 0.021488711 802 32
L 0 1805 1 0.021492609 803 32
L 0 1806 1 0.021496526 804 32
L 0 1807 1 0.021500413 805 32
L 0 1808 1 0.021504331 806 32
L 0 1809 1 0.021508769 807 32
L 0 1810 1 0.021513929 808 32
L 0 1811 1 0.021521724 809 32
L 0 1812 1 0.021532495 810 32
L 0 1813 1 0.021538135 811 32
L 0 1814 1 0.021542854 812 32
L 0 1815 1 0.021548285 813 32
L 0 1816 1 0.021554236 814 32
L 0 1817 1 0.021559957 815 32
L 0 1818 1 0.021565407 816 32
L 0 1819 1 0.021569665 817 32
L 0 1820 1 0.021573893 818 32
L 0 1821 1 0.021588381 819 32
L 0 1822 1 0.021592329 820 32
L 0 1823 1 0.021596256 821 32
L 0 1824 1 0.021600153 822 32
L 0 1825 1 0.021604041 823 32
L 0 1826 1 0.021607928 824 32
L 0 1827 1 0.021611816 825 32
L 0 1828 1 0.021615703 826 32
L 0 1829 1 0.021619590 827 32
L 0 1830 1 0.021623478 828 32
L 0 1831 1 0.021627375 829 32
L 0 1832 1 0.021631263 830 32
L 0 1833 1 0.021635160 831 32
L 0 1834 1 0.021639058 832 32
L 0 1835 1 0.021642935 833 32
L 0 1836 1 0.021646822 834 32
L 0 1837 1 0.021650720 835 32
L 0 1838 1 0.021654607 836 32
L 0 1839 1 0.021658505 837 32
L 0 1840 1 0.021662372 838 32
L 0 1841 1 0.021666259 839 32
L 0 1842 1 0.021670157 840 32
L 0 1843 1 0.021674044 841 32
L 0 1844 1 0.021679284 842 32
L 0 1845 1 0.021684614 843 32
L 0 1846 1 0.021689424 844 32
L 0 1847 1 0.021694643 845 32
L 0 1848 1 0.021700264 846 32
L 0 1849 1 0.021705715 847 32
L 0 1850 1 0.021711476 848 32
L 0 1851 1 0.021715734 849 32
L 0 1852 1 0.021719952 850 32
L 0 1853 1 0.021724039 851 32
L 0 1854 1 0.021727937 852 32
L 0 1855 1 0.021731844 853 32
L 0 1856 1 0.021735742 854 32
L 0 1857 1 0.021739639 855 32
L 0 1858 1 0.021743537 856 32
L 0 1859 1 0.021747414 857 32
L 0 1860 1 0.021751311 858 32
L 0 1861 1 0.021755209 859 32
L 0 1862 1 0.021759106 860 32
L 0 1863 1 0.021763004 861 32
L 0 1864 1 0.021766911 862 32
L 0 1865 1 0.021770839 863 32
L 0 1866 1 0.021774736 864 32
L 0 1867 1 0.021778624 865 32
L 0 1868 1 0.021782521 866 32
L 0 1869 1 0.021786428 867 32
L 0 1870 1 0.021790306 868 32
L 0 1871 1 0.021794213 869 32
L 0 1872 1 0.021798101 870 32
L 0 1873 1 0.021801998 871 32
L 0 1874 1 0.021805885 872 32
L 0 1875 1 0.021810194 873 32
L 0 1876 1 0.021814071 874 32
L 0 1877 1 0.021817968 875 32
L 0 1878 1 0.021821876 876 32
L 0 1879 1 0.021825773 877 32
L 0 1880 1 0.021829671 878 32
L 0 1881 1 0.021833578 879 32
L 0 1882 1 0.021837476 880 32
L 0 1883 1 0.021841383 881 32
L 0 1884 1 0.021845291 882 32
L 0 1885 1 0.021849188 883 32
L 0 1886 1 0.021853075 884 32
L 0 1887 1 0.021856973 885 32
L 0 1888 1 0.021860870 886 32
L 0 1889 1 0.021864778 887 32
L 0 1890 1 0.021868675 888 32
L 0 1891 1 0.021872573 889 32
L 0 1892 1 0.021876450 890 32
L 0 1893 1 0.021880347 891 32
L 0 1894 1 0.021884255 892 32
L 0 1895 1 0.021888152 893 32
L 0 1896 1 0.021892070 894 32
L 0 1897 1 0.021895947 895 32
L 0 1898 1 0.021899855 896 32
L 0 1899 1 0.021903752 897 32
L 0 1900 1 0.021907649 898 32
L 0 1901 1 0.021911557 899 32
L 0 1902 1 0.021915564 900 32
L 0 1903 1 0.021919432 901 32
L 0 1904 1 0.021923329 902 32
L 0 1905 1 0.021927247 903 32
L 0 1906 1 0.021931154 904 32
L 0 1907 1 0.021935052 905 32
L 0 1908 1 0.021938959 906 32
L 0 1909 1 0.021942856 907 32
L 0 1910 1 0.021946774 908 32
L 0 1911 1 0.021950681 909 32
L 0 1912 1 0.021954589 910 32
L 0 1913 1 0.021958496 911 32
L 0 1914 1 0.021962404 912 32
L 0 1915 1 0.021966311 913 32
L 0 1916 1 0.021970209 914 32
L 0 1917 1 0.021974116 915 32
L 0 1918 1 0.021978013 916 32
L 0 1919 1 0.021981911 917 32
L 0 1920 1 0.021985828 918 32
L 0 1921 1 0.021989746 919 32
L 0 1922 1 0.021993653 920 32
L 0 1923 1 0.021997561 921 32
L 0 1924 1 0.022001468 922 32
L 0 1925 1 0.022005376 923 32
L 0 1926 1 0.022009293 924 32
L 0 1927 1 0.022013200 925 32
L 0 1928 1 0.022017108 926 32
L 0 1929 1 0.022021055 927 32
L 0 1930 1 0.022024943 928 32
L 0 1931 1 0.022028850 929 32
L 0 1932 1 0.022032768 930 32
L 0 1933 1 0.022036675 931 32
L 0 1934 1 0.022040593 932 32
L 0 1935 1 0.022044470 933 32
L 0 1936 1 0.022048388 934 32
L 0 1937 1 0.022052295 935 32
L 0 1938 1 0.022056202 936 32
L 0 1939 1 0.022060100 937 32
L 0 1940 1 0.022064118 938 32
L 0 1941 1 0.022067985 939 32
L 0 1942 1 0.022071892 940 32
L 0 1943 1 0.022075810 941 32
L 0 1944 1 0.022079717 942 32
L 0 1945 1 0.022083635 943 32
L 0 1946 1 0.022087542 944 32
L 0 1947 1 0.022091450 945 32
L 0 1948 1 0.022095357 946 32
L 0 1949 1 0.022099254 947 32
L 0 1950 1 0.022103162 948 32
L 0 1951 1 0.022107039 949 32
L 0 1952 1 0.022116638 950 32
L 0 1953 1 0.022120685 951 32
L 0 1954 1 0.022124623 952 32
L 0 1955 1 0.022128510 953 32
L 0 1956 1 0.022132418 954 32
L 0 1957 1 0.022142407 955 32
L 0 1958 1 0.022146354 956 32
L 0 1959 1 0.022150252 957 32
L 0 1960 1 0.022154159 958 32
L 0 1961 1 0.022158077 959 32
L 0 1962 1 0.022161984 960 32
L 0 1963 1 0.022165891 961 32
L 0 1964 1 0.022169809 962 32
L 0 1965 1 0.022173716 963 32
L 0 1966 1 0.022177634 964 32
L 0 1967 1 0.022181551 965 32
L 0 1968 1 0.022185479 966 32
L 0 1969 1 0.022189396 967 32
L 0 1970 1 0.022193304 968 32
L 0 1971 1 0.022197221 969 32
L 0 1972 1 0.022201139 970 32
L 0 1973 1 0.022205016 971 32
L 0 1974 1 0.022209545 972 32
L 0 1975 1 0.022213793 973 32
L 0 1976 1 0.022218001 974 32
L 0 1977 1 0.022222199 975 32
L 0 1978 1 0.022226287 976 32
L 0 1979 1 0.022230264 977 32
L 0 1980 1 0.022234202 978 32
L 0 1981 1 0.022238129 979 32
L 0 1982 1 0.022242057 980 32
L 0 1983 1 0.022245964 981 32
L 0 1984 1 0.022249892 982 32
L 0 1985 1 0.022253819 983 32
L 0 1986 1 0.022257746 984 32
L 0 1987 1 0.022261674 985 32
L 0 1988 1 0.022265611 986 32
L 0 1989 1 0.022269499 987 32
L 0 1990 1 0.022273727 988 32
L 0 1991 1 0.022277664 989 32
L 0 1992 1 0.022281602 990 32
L 0 1993 1 0.022285519 991 32
L 0 1994 1 0.022289427 992 32
L 0 1995 1 0.022366995 993 32
L 0 1996 1 0.022382063 994 32
L 0 1997 1 0.022386332 995 32
L 0 1998 1 0.022390269 996 32
L 0 1999 1 0.022394136 997 32
L 0 2000 1 0.022398044 998 32
L 0 2001 1 0.022401921 999 32
L 0 2002 2 0.023026341 0 32
L 0 2003 2 0.023039626 1 32
L 0 2004 2 0.023043915 2 32
L 0 2005 2 0.023047832 3 32
L 0 2006 2 0.023051840 4 32
L 0 2007 2 0.023055787 5 32
L 0 2008 2 0.023060145 6 32
L 0 2009 2 0.023064073 7 32
L 0 2010 2 0.023068041 8 32
L 0 2011 2 0.023072028 9 32
L 0 2012 2 0.023075946 10 32
L 0 2013 2 0.023079863 11 32
L 0 2014 2 0.023083881 12 32
L 0 2015 2 0.023087788 13 32
L 0 2016 2 0.023091706 14 32
L 0 2017 2 0.023095603 15 32
L 0 2018 2 0.023099510 16 32
L 0 2019 2 0.023103408 17 32
L 0 2020 2 0.023107315 18 32
L 0 2021 2 0.023111233 19 32
L 0 2022 2 0.023115130 20 32
L 0 2023 2 0.023119028 21 32
L 0 2024 2 0.023122925 22 32
L 0 2025 2 0.023126823 23 32
L 0 2026 2 0.023130730 24 32
L 0 2027 2 0.023134627 25 32
L 0 2028 2 0.023138515 26 32
L 0 2029 2 0.023142663 27 32
L 0 2030 2 0.023214329 28 32
L 0 2031 2 0.023224479 29 32
L 0 2032 2 0.023228506 30 32
L 0 2033 2 0.023232404 31 32
L 0 2034 2 0.023236311 32 32
L 0 2035 2 0.023240209 33 32
L 0 2036 2 0.023244096 34 32
L 0 2037 2 0.023247993 35 32
L 0 2038 2 0.023251891 36 32
L 0 2039 2 0.023255989 37 32
L 0 2040 2 0.023259936 38 32
L 0 2041 2 0.023263844 39 32
L 0 2042 2 0.023267751 40 32
L 0 2043 2 0.023271648 41 32
L 0 2044 2 0.023275546 42 32
L 0 2045 2 0.023279443 43 32
L 0 2046 2 0.023283341 44 32
L 0 2047 2 0.023287238 45 32
L 0 2048 2 0.023291136 46 32
L 0 2049 2 0.023295023 47 32
L 0 2050 2 0.023298920 48 32
L 0 2051 2 0.023302838 49 32
L 0 2052 2 0.023306735 50 32
L 0 2053 2 0.023310643 51 32
L 0 2054 2 0.023314550 52 32
L 0 2055 2 0.023318458 53 32
L 0 2056 2 0.023322345 54 32
L 0 2057 2 0.023326243 55 32
L 0 2058 2 0.023330140 56 32
L 0 2059 2 0.023334047 57 32
L 0 2060 2 0.023337945 58 32
L 0 2061 2 0.023341832 59 32
L 0 2062 2 0.023345830 60 32
L 0 2063 2 0.023349697 61 32
L 0 2064 2 0.023353585 62 32
L 0 2065 2 0.023357482 63 32
L 0 2066 2 0.023361379 64 32
L 0 2067 2 0.023365267 65 32
L 0 2068 2 0.023369164 66 32
L 0 2069 2 0.023373052 67 32
L 0 2070 2 0.023376949 68 32
L 0 2071 2 0.023380847 69 32
L 0 2072 2 0.023384734 70 32
L 0 2073 2 0.023388641 71 32
L 0 2074 2 0.023392539 72 32
L 0 2075 2 0.023396426 73 32
L 0 2076 2 0.023400324 74 32
L 0 2077 2 0.023404211 75 32
L 0 2078 2 0.023408098 76 32
L 0 2079 2 0.023411996 77 32
L 0 2080 2 0.023415893 78 32
L 0 2081 2 0.023419791 79 32
L 0 2082 2 0.023423698 80 32
L 0 2083 2 0.023427586 81 32
L 0 2084 2 0.023431483 82 32
L 0 2085 2 0.023435380 83 32
L 0 2086 2 0.023439288 84 32
L 0 2087 2 0.023443195 85 32
L 0 2088 2 0.023447093 86 32
L 0 2089 2 0.023450990 87 32
L 0 2090 2 0.023454888 88 32
L 0 2091 2 0.023458775 89 32
L 0 2092 2 0.023462662 90 32
L 0 2093 2 0.023466550 91 32
L 0 2094 2 0.023470457 92 32
L 0 2095 2 0.023474445 93 32
L 0 2096 2 0.023478302 94 32
L 0 2097 2 0.023498701 95 32
L 0 2098 2 0.023502679 96 32
L 0 2099 2 0.023506606 97 32
L 0 2100 2 0.023510504 98 32
L 0 2101 2 0.023514401 99 32
L 0 2102 2 0.023518309 100 32
L 0 2103 2 0.023522226 101 32
L 0 2104 2 0.023526133 102 32
L 0 2105 2 0.023530051 103 32
L 0 2106 2 0.023533958 104 32
L 0 2107 2 0.023537876 105 32
L 0 2108 2 0.023541773 106 32
L 0 2109 2 0.023545691 107 32
L 0 2110 2 0.023549588 108 32
L 0 2111 2 0.023553496 109 32
L 0 2112 2 0.023557403 110 32
L 0 2113 2 0.023561310 111 32
L 0 2114 2 0.023565218 112 32
L 0 2115 2 0.023569135 113 32
L 0 2116 2 0.023573043 114 32
L 0 2117 2 0.023576950 115 32
L 0 2118 2 0.023580858 116 32
L 0 2119 2 0.023584765 117 32
L 0 2120 2 0.023588673 118 32
L 0 2121 2 0.023592580 119 32
L 0 2122 2 0.023596477 120 32
L 0 2123 2 0.023600385 121 32
L 0 2124 2 0.023604282 122 32
L 0 2125 2 0.023608190 123 32
L 0 2126 2 0.023612097 124 32
L 0 2127 2 0.023616005 125 32
L 0 2128 2 0.023619892 126 32
L 0 2129 2 0.023623790 127 32
L 0 2130 2 0.023627687 128 32
L 0 2131 2 0.023631594 129 32
L 0 2132 2 0.023635502 130 32
L 0 2133 2 0.023639409 131 32
L 0 2134 2 0.023643317 132 32
L 0 2135 2 0.023647224 133 32
L 0 2136 2 0.023651112 134 32
L 0 2137 2 0.023655019 135 32
L 0 2138 2 0.023658916 136 32
L 0 2139 2 0.023662834 137 32
L 0 2140 2 0.023666741 138 32
L 0 2141 2 0.023670659 139 32
L 0 2142 2 0.023674566 140 32
L 0 2143 2 0.023678474 141 32
L 0 2144 2 0.023682351 142 32
L 0 2145 2 0.023686269 143 32
L 0 2146 2 0.023690166 144 32
L 0 2147 2 0.023694073 145 32
L 0 2148 2 0.023697971 146 32
L 0 2149 2 0.023701878 147 32
L 0 2150 2 0.023705776 148 32
L 0 2151 2 0.023709673 149 32
L 0 2152 2 0.023713561 150 32
L 0 2153 2 0.023717458 151 32
L 0 2154 2 0.023721365 152 32
L 0 2155 2 0.023725263 153 32
L 0 2156 2 0.023729170 154 32
L 0 2157 2 0.023733078 155 32
L 0 2158 2 0.023736985 156 32
L 0 2159 2 0.023740883 157 32
L 0 2160 2 0.023744770 158 32
L 0 2161 2 0.023748657 159 32
L 0 2162 2 0.023752555 160 32
L 0 2163 2 0.023756462 161 32
L 0 2164 2 0.023760370 162 32
L 0 2165 2 0.023764277 163 32
L 0 2166 2 0.023768175 164 32
L 0 2167 2 0.023772072 165 32
L 0 2168 2 0.023775959 166 32
L 0 2169 2 0.023779857 167 32
L 0 2170 2 0.023783754 168 32
L 0 2171 2 0.023787662 169 32
L 0 2172 2 0.023791569 170 32
L 0 2173 2 0.023799965 171 32
L 0 2174 2 0.023803933 172 32
L 0 2175 2 0.023807840 173 32
L 0 2176 2 0.023811758 174 32
L 0 2177 2 0.023815755 175 32
L 0 2178 2 0.023819623 176 32
L 0 2179 2 0.023823530 177 32
L 0 2180 2 0.023827458 178 32
L 0 2181 2 0.023831365 179 32
L 0 2182 2 0.023835283 180 32
L 0 2183 2 0.023839180 181 32
L 0 2184 2 0.023843097 182 32
L 0 2185 2 0.023847005 183 32
L 0 2186 2 0.023850922 184 32
L 0 2187 2 0.023854820 185 32
L 0 2188 2 0.023858737 186 32
L 0 2189 2 0.023862655 187 32
L 0 2190 2 0.023866572 188 32
L 0 2191 2 0.023870480 189 32
L 0 2192 2 0.023874397 190 32
L 0 2193 2 0.023878304 191 32
L 0 2194 2 0.023882232 192 32
L 0 2195 2 0.023886139 193 32
L 0 2196 2 0.023890047 194 32
L 0 2197 2 0.023893964 195 32
L 0 2198 2 0.023897872 196 32
L 0 2199 2 0.023901759 197 32
L 0 2200 2 0.023905667 198 32
L 0 2201 2 0.023909564 199 32
L 0 2202 2 0.023913482 200 32
L 0 2203 2 0.023917389 201 32
L 0 2204 2 0.023921296 202 32
L 0 2205 2 0.023925214 203 32
L 0 2206 2 0.023929131 204 32
L 0 2207 2 0.023933039 205 32
L 0 2208 2 0.023936956 206 32
L 0 2209 2 0.023941164 207 32
L 0 2210 2 0.023945082 208 32
L 0 2211 2 0.023948989 209 32
L 0 2212 2 0.023952907 210 32
L 0 2213 2 0.023956814 211 32
L 0 2214 2 0.023960742 212 32
L 0 2215 2 0.023964639 213 32
L 0 2216 2 0.023968566 214 32
L 0 2217 2 0.023972474 215 32
L 0 2218 2 0.023976391 216 32
L 0 2219 2 0.023980309 217 32
L 0 2220 2 0.023984236 218 32
L 0 2221 2 0.023988154 219 32
L 0 2222 2 0.023992081 220 32
L 0 2223 2 0.023995979 221 32
L 0 2224 2 0.023999906 222 32
L 0 2225 2 0.024003814 223 32
L 0 2226 2 0.024007731 224 32
L 0 2227 2 0.024011649 225 32
L 0 2228 2 0.024015566 226 32
L 0 2229 2 0.024019484 227 32
L 0 2230 2 0.024023531 228 32
L 0 2231 2 0.024027399 229 32
L 0 2232 2 0.024031316 230 32
L 0 2233 2 0.024035223 231 32
L 0 2234 2 0.024045443 232 32
L 0 2235 2 0.024049390 233 32
L 0 2236 2 0.024053308 234 32
L 0 2237 2 0.024057235 235 32
L 0 2238 2 0.024061163 236 32
L 0 2239 2 0.024065070 237 32
L 0 2240 2 0.024068998 238 32
L 0 2241 2 0.024072915 239 32
L 0 2242 2 0.024076833 240 32
L 0 2243 2 0.024080760 241 32
L 0 2244 2 0.024084678 242 32
L 0 2245 2 0.024088605 243 32
L 0 2246 2 0.024092533 244 32
L 0 2247 2 0.024096440 245 32
L 0 2248 2 0.024100368 246 32
L 0 2249 2 0.024104285 247 32
L 0 2250 2 0.024108233 248 32
L 0 2251 2 0.024112140 249 32
L 0 2252 2 0.024116037 250 32
L 0 2253 2 0.024119955 251 32
L 0 2254 2 0.024123872 252 32
L 0 2255 2 0.024127780 253 32
L 0 2256 2 0.024131707 254 32
L 0 2257 2 0.024135625 255 32
L 0 2258 2 0.024139532 256 32
L 0 2259 2 0.024143450 257 32
L 0 2260 2 0.024147367 258 32
L 0 2261 2 0.024151305 259 32
L 0 2262 2 0.024155232 260 32
L 0 2263 2 0.024159140 261 32
L 0 2264 2 0.024163057 262 32
L 0 2265 2 0.024166975 263 32
L 0 2266 2 0.024170882 264 32
L 0 2267 2 0.024174799 265 32
L 0 2268 2 0.024178727 266 32
L 0 2269 2 0.024182644 267 32
L 0 2270 2 0.024186552 268 32
L 0 2271 2 0.024190469 269 32
L 0 2272 2 0.024194387 270 32
L 0 2273 2 0.024198294 271 32
L 0 2274 2 0.024202212 272 32
L 0 2275 2 0.024206119 273 32
L 0 2276 2 0.024210037 274 32
L 0 2277 2 0.024213954 275 32
L 0 2278 2 0.024217862 276 32
L 0 2279 2 0.024221749 277 32
L 0 2280 2 0.024225666 278 32
L 0 2281 2 0.024229584 279 32
L 0 2282 2 0.024233511 280 32
L 0 2283 2 0.024237429 281 32
L 0 2284 2 0.024241346 282 32
L 0 2285 2 0.024245284 283 32
L 0 2286 2 0.024249201 284 32
L 0 2287 2 0.024253109 285 32
L 0 2288 2 0.024257036 286 32
L 0 2289 2 0.024260964 287 32
L 0 2290 2 0.024264861 288 32
L 0 2291 2 0.024268779 289 32
L 0 2292 2 0.024272696 290 32
L 0 2293 2 0.024276603 291 32
L 0 2294 2 0.024280521 292 32
L 0 2295 2 0.024284438 293 32
L 0 2296 2 0.024288356 294 32
L 0 2297 2 0.024292263 295 32
L 0 2298 2 0.024296181 296 32
L 0 2299 2 0.024300108 297 32
L 0 2300 2 0.024304006 298 32
L 0 2301 2 0.024307923 299 32
L 0 2302 2 0.024311851 300 32
L 0 2303 2 0.024315758 301 32
L 0 2304 2 0.024319676 302 32
L 0 2305 2 0.024323603 303 32
L 0 2306 2 0.024327520 304 32
L 0 2307 2 0.024331438 305 32
L 0 2308 2 0.024335395 306 32
L 0 2309 2 0.024339313 307 32
L 0 2310 2 0.024343230 308 32
L 0 2311 2 0.024347128 309 32
L 0 2312 2 0.024351035 310 32
L 0 2313 2 0.024354953 311 32
L 0 2314 2 0.024358870 312 32
L 0 2315 2 0.024362788 313 32
L 0 2316 2 0.024366695 314 32
L 0 2317 2 0.024370623 315 32
L 0 2318 2 0.024374540 316 32
L 0 2319 2 0.024378448 317 32
L 0 2320 2 0.024382375 318 32
L 0 2321 2 0.024386282 319 32
L 0 2322 2 0.024390200 320 32
L 0 2323 2 0.024394107 321 32
L 0 2324 2 0.024398025 322 32
L 0 2325 2 0.024401952 323 32
L 0 2326 2 0.024405860 324 32
L 0 2327 2 0.024409757 325 32
L 0 2328 2 0.024413695 326 32
L 0 2329 2 0.024417602 327 32
L 0 2330 2 0.024421520 328 32
L 0 2331 2 0.024425447 329 32
L 0 2332 2 0.024429765 330 32
L 0 2333 2 0.024433653 331 32
L 0 2334 2 0.024437590 332 32
L 0 2335 2 0.024441498 333 32
L 0 2336 2 0.024445415 334 32
L 0 2337 2 0.024449323 335 32
L 0 2338 2 0.024453240 336 32
L 0 2339 2 0.024457157 337 32
L 0 2340 2 0.024461065 338 32
L 0 2341 2 0.024464972 339 32
L 0 2342 2 0.024468890 340 32
L 0 2343 2 0.024472787 341 32
L 0 2344 2 0.024476715 342 32
L 0 2345 2 0.024480632 343 32
L 0 2346 2 0.024484550 344 32
L 0 2347 2 0.024488477 345 32
L 0 2348 2 0.024492395 346 32
L 0 2349 2 0.024496312 347 32
L 0 2350 2 0.024500230 348 32
L 0 2351 2 0.024504137 349 32
L 0 2352 2 0.024508065 350 32
L 0 2353 2 0.024511982 351 32
L 0 2354 2 0.024515899 352 32
L 0 2355 2 0.024519887 353 32
L 0 2356 2 0.024523965 354 32
L 0 2357 2 0.024527892 355 32
L 0 2358 2 0.024531820 356 32
L 0 2359 2 0.024535727 357 32
L 0 2360 2 0.024539645 358 32
L 0 2361 2 0.024543572 359 32
L 0 2362 2 0.024547490 360 32
L 0 2363 2 0.024551407 361 32
L 0 2364 2 0.024555325 362 32
L 0 2365 2 0.024559242 363 32
L 0 2366 2 0.024563250 364 32
L 0 2367 2 0.024567117 365 32
L 0 2368 2 0.024571034 366 32
L 0 2369 2 0.024574962 367 32
L 0 2370 2 0.024578879 368 32
L 0 2371 2 0.024589069 369 32
L 0 2372 2 0.024592986 370 32
L 0 2373 2 0.024596914 371 32
L 0 2374 2 0.024600841 372 32
L 0 2375 2 0.024604759 373 32
L 0 2376 2 0.024608696 374 32
L 0 2377 2 0.024612614 375 32
L 0 2378 2 0.024616541 376 32
L 0 2379 2 0.024620469 377 32
L 0 2380 2 0.024624406 378 32
L 0 2381 2 0.024628324 379 32
L 0 2382 2 0.024632301 380 32
L 0 2383 2 0.024636199 381 32
L 0 2384 2 0.024640176 382 32
L 0 2385 2 0.024644094 383 32
L 0 2386 2 0.024648021 384 32
L 0 2387 2 0.024651949 385 32
L 0 2388 2 0.024655876 386 32
L 0 2389 2 0.024665444 387 32
L 0 2390 2 0.024670133 388 32
L 0 2391 2 0.024674351 389 32
L 0 2392 2 0.024678549 390 32
L 0 2393 2 0.024682757 391 32
L 0 2394 2 0.024686935 392 32
L 0 2395 2 0.024691133 393 32
L 0 2396 2 0.024695321 394 32
L 0 2397 2 0.024699529 395 32
L 0 2398 2 0.024703717 396 32
L 0 2399 2 0.024707905 397 32
L 0 2400 2 0.024712113 398 32
L 0 2401 2 0.024716301 399 32
L 0 2402 2 0.024720499 400 32
L 0 2403 2 0.024724617 401 32
L 0 2404 2 0.024728575 402 32
L 0 2405 2 0.024732502 403 32
L 0 2406 2 0.024736440 404 32
L 0 2407 2 0.024740357 405 32
L 0 2408 2 0.024744295 406 32
L 0 2409 2 0.024748222 407 32
L 0 2410 2 0.024752150 408 32
L 0 2411 2 0.024756087 409 32
L 0 2412 2 0.024759985 410 32
L 0 2413 2 0.024763902 411 32
L 0 2414 2 0.024767829 412 32
L 0 2415 2 0.024771757 413 32
L 0 2416 2 0.024775694 414 32
L 0 2417 2 0.024779622 415 32
L 0 2418 2 0.024783549 416 32
L 0 2419 2 0.024787487 417 32
L 0 2420 2 0.024791394 418 32
L 0 2421 2 0.024795332 419 32
L 0 2422 2 0.024799259 420 32
L 0 2423 2 0.024803187 421 32
L 0 2424 2 0.024807124 422 32
L 0 2425 2 0.024811052 423 32
L 0 2426 2 0.024814979 424 32
L 0 2427 2 0.024818917 425 32
L 0 2428 2 0.024822814 426 32
L 0 2429 2 0.024826762 427 32
L 0 2430 2 0.024830699 428 32
L 0 2431 2 0.024834627 429 32
L 0 2432 2 0.024838554 430 32
L 0 2433 2 0.024842482 431 32
L 0 2434 2 0.024846399 432 32
L 0 2435 2 0.024850317 433 32
L 0 2436 2 0.024854214 434 32
L 0 2437 2 0.024858142 435 32
L 0 2438 2 0.024862069 436 32
L 0 2439 2 0.024865987 437 32
L 0 2440 2 0.024869914 438 32
L 0 2441 2 0.024873841 439 32
L 0 2442 2 0.024877769 440 32
L 0 2443 2 0.024881696 441 32
L 0 2444 2 0.024885604 442 32
L 0 2445 2 0.024889531 443 32
L 0 2446 2 0.024893459 444 32
L 0 2447 2 0.024897386 445 32
L 0 2448 2 0.024901324 446 32
L 0 2449 2 0.024905251 447 32
L 0 2450 2 0.024909169 448 32
L 0 2451 2 0.024913106 449 32
L 0 2452 2 0.024917014 450 32
L 0 2453 2 0.024920941 451 32
L 0 2454 2 0.024924859 452 32
L 0 2455 2 0.024928786 453 32
L 0 2456 2 0.024932714 454 32
L 0 2457 2 0.024936651 455 32
L 0 2458 2 0.024940569 456 32
L 0 2459 2 0.024944506 457 32
L 0 2460 2 0.024948394 458 32
L 0 2461 2 0.024952321 459 32
L 0 2462 2 0.024956249 460 32
L 0 2463 2 0.024960176 461 32
L 0 2464 2 0.024964114 462 32
L 0 2465 2 0.024968041 463 32
L 0 2466 2 0.024971958 464 32
L 0 2467 2 0.025201566 465 32
L 0 2468 2 0.025216064 466 32
L 0 2469 2 0.025220342 467 32
L 0 2470 2 0.025224269 468 32
L 0 2471 2 0.025228177 469 32
L 0 2472 2 0.025232104 470 32
L 0 2473 2 0.025236022 471 32
L 0 2474 2 0.025239939 472 32
L 0 2475 2 0.025243847 473 32
L 0 2476 2 0.025247744 474 32
L 0 2477 2 0.025251641 475 32
L 0 2478 2 0.025255539 476 32
L 0 2479 2 0.025259436 477 32
L 0 2480 2 0.025263364 478 32
L 0 2481 2 0.025267431 479 32
L 0 2482 2 0.025271309 480 32
L 0 2483 2 0.025275196 481 32
L 0 2484 2 0.025279104 482 32
L 0 2485 2 0.025283001 483 32
L 0 2486 2 0.025286899 484 32
L 0 2487 2 0.025290796 485 32
L 0 2488 2 0.025294693 486 32
L 0 2489 2 0.025298591 487 32
L 0 2490 2 0.025302478 488 32
L 0 2491 2 0.025306376 489 32
L 0 2492 2 0.025310323 490 32
L 0 2493 2 0.025314251 491 32
L 0 2494 2 0.025318148 492 32
L 0 2495 2 0.025322046 493 32
L 0 2496 2 0.025325953 494 32
L 0 2497 2 0.025329850 495 32
L 0 2498 2 0.025333748 496 32
L 0 2499 2 0.025337655 497 32
L 0 2500 2 0.025341553 498 32
L 0 2501 2 0.025345460 499 32
L 0 2502 2 0.025349358 500 32
L 0 2503 2 0.025353275 501 32
L 0 2504 2 0.025357172 502 32
L 0 2505 2 0.025361080 503 32
L 0 2506 2 0.025364967 504 32
L 0 2507 2 0.025381880 505 32
L 0 2508 2 0.025385997 506 32
L 0 2509 2 0.025389955 507 32
L 0 2510 2 0.025393872 508 32
L 0 2511 2 0.025397790 509 32
L 0 2512 2 0.025401707 510 32
L 0 2513 2 0.025405625 511 32
L 0 2514 2 0.025409532 512 32
L 0 2515 2 0.025413470 513 32
L 0 2516 2 0.025417387 514 32
L 0 2517 2 0.025421315 515 32
L 0 2518 2 0.025426054 516 32
L 0 2519 2 0.025431184 517 32
L 0 2520 2 0.025436624 518 32
L 0 2521 2 0.025442114 519 32
L 0 2522 2 0.025446823 520 32
L 0 2523 2 0.025459367 521 32
L 0 2524 2 0.025465148 522 32
L 0 2525 2 0.025469847 523 32
L 0 2526 2 0.025474296 524 32
L 0 2527 2 0.025479846 525 32
L 0 2528 2 0.025484545 526 32
L 0 2529 2 0.025489304 527 32
L 0 2530 2 0.025494184 528 32
L 0 2531 2 0.025498822 529 32
L 0 2532 2 0.025503561 530 32
L 0 2533 2 0.025508671 531 32
L 0 2534 2 0.025513170 532 32
L 0 2535 2 0.025517989 533 32
L 0 2536 2 0.025522467 534 32
L 0 2537 2 0.025527557 535 32
L 0 2538 2 0.025532146 536 32
L 0 2539 2 0.025537165 537 32
L 0 2540 2 0.025543467 538 32
L 0 2541 2 0.025548397 539 32
L 0 2542 2 0.025552996 540 32
L 0 2543 2 0.025558536 541 32
L 0 2544 2 0.025563596 542 32
L 0 2545 2 0.025569086 543 32
L 0 2546 2 0.025574657 544 32
L 0 2547 2 0.025579186 545 32
L 0 2548 2 0.025583504 546 32
L 0 2549 2 0.025587441 547 32
L 0 2550 2 0.025591329 548 32
L 0 2551 2 0.025595236 549 32
L 0 2552 2 0.025599134 550 32
L 0 2553 2 0.025603021 551 32
L 0 2554 2 0.025606918 552 32
L 0 2555 2 0.025610816 553 32
L 0 2556 2 0.025615385 554 32
L 0 2557 2 0.025619462 555 32
L 0 2558 2 0.025623350 556 32
L 0 2559 2 0.025627257 557 32
L 0 2560 2 0.025631155 558 32
L 0 2561 2 0.025635062 559 32
L 0 2562 2 0.025638959 560 32
L 0 2563 2 0.025642867 561 32
L 0 2564 2 0.025646774 562 32
L 0 2565 2 0.025650672 563 32
L 0 2566 2 0.025654579 564 32
L 0 2567 2 0.025658487 565 32
L 0 2568 2 0.025662394 566 32
L 0 2569 2 0.025666292 567 32
L 0 2570 2 0.025670189 568 32
L 0 2571 2 0.025674126 569 32
L 0 2572 2 0.025678024 570 32
L 0 2573 2 0.025681931 571 32
L 0 2574 2 0.025685829 572 32
L 0 2575 2 0.025689746 573 32
L 0 2576 2 0.025693644 574 32
L 0 2577 2 0.025697581 575 32
L 0 2578 2 0.025701599 576 32
L 0 2579 2 0.025705516 577 32
L 0 2580 2 0.025709574 578 32
L 0 2581 2 0.025713512 579 32
L 0 2582 2 0.025717419 580 32
L 0 2583 2 0.025721316 581 32
L 0 2584 2 0.025725224 582 32
L 0 2585 2 0.025729141 583 32
L 0 2586 2 0.025733039 584 32
L 0 2587 2 0.025736936 585 32
L 0 2588 2 0.025740884 586 32
L 0 2589 2 0.025744781 587 32
L 0 2590 2 0.025748679 588 32
L 0 2591 2 0.025752576 589 32
L 0 2592 2 0.025756473 590 32
L 0 2593 2 0.025760371 591 32
L 0 2594 2 0.025764268 592 32
L 0 2595 2 0.025768166 593 32
L 0 2596 2 0.025772053 594 32
L 0 2597 2 0.025775961 595 32
L 0 2598 2 0.025779878 596 32
L 0 2599 2 0.025783755 597 32
L 0 2600 2 0.025787673 598 32
L 0 2601 2 0.025791590 599 32
L 0 2602 2 0.025795508 600 32
L 0 2603 2 0.025799415 601 32
L 0 2604 2 0.025812741 602 32
L 0 2605 2 0.025816909 603 32
L 0 2606 2 0.025820836 604 32
L 0 2607 2 0.025824753 605 32
L 0 2608 2 0.025828691 606 32
L 0 2609 2 0.025832598 607 32
L 0 2610 2 0.025836506 608 32
L 0 2611 2 0.025840413 609 32
L 0 2612 2 0.025844331 610 32
L 0 2613 2 0.025848348 611 32
L 0 2614 2 0.025852236 612 32
L 0 2615 2 0.025856153 613 32
L 0 2616 2 0.025860071 614 32
L 0 2617 2 0.025863988 615 32
L 0 2618 2 0.025867906 616 32
L 0 2619 2 0.025871823 617 32
L 0 2620 2 0.025875751 618 32
L 0 2621 2 0.025879668 619 32
L 0 2622 2 0.025883576 620 32
L 0 2623 2 0.025887493 621 32
L 0 2624 2 0.025891410 622 32
L 0 2625 2 0.025895338 623 32
L 0 2626 2 0.025899336 624 32
L 0 2627 2 0.025903253 625 32
L 0 2628 2 0.025907161 626 32
L 0 2629 2 0.025911068 627 32
L 0 2630 2 0.025914985 628 32
L 0 2631 2 0.025918903 629 32
L 0 2632 2 0.025922820 630 32
L 0 2633 2 0.025926728 631 32
L 0 2634 2 0.025930645 632 32
L 0 2635 2 0.025934553 633 32
L 0 2636 2 0.025938460 634 32
L 0 2637 2 0.025942418 635 32
L 0 2638 2 0.025946325 636 32
L 0 2639 2 0.025950273 637 32
L 0 2640 2 0.025954200 638 32
L 0 2641 2 0.025958218 639 32
L 0 2642 2 0.025962125 640 32
L 0 2643 2 0.025966103 641 32
L 0 2644 2 0.025984077 642 32
L 0 2645 2 0.025988035 643 32
L 0 2646 2 0.025991972 644 32
L 0 2647 2 0.025995880 645 32
L 0 2648 2 0.025999807 646 32
L 0 2649 2 0.026003725 647 32
L 0 2650 2 0.026007612 648 32
L 0 2651 2 0.026011529 649 32
L 0 2652 2 0.026015447 650 32
L 0 2653 2 0.026019364 651 32
L 0 2654 2 0.026023282 652 32
L 0 2655 2 0.026027189 653 32
L 0 2656 2 0.026031117 654 32
L 0 2657 2 0.026035034 655 32
L 0 2658 2 0.026038962 656 32
L 0 2659 2 0.026042879 657 32
L 0 2660 2 0.026046817 658 32
L 0 2661 2 0.026050744 659 32
L 0 2662 2 0.026054972 660 32
L 0 2663 2 0.026059831 661 32
L 0 2664 2 0.026065252 662 32
L 0 2665 2 0.026070321 663 32
L 0 2666 2 0.026076012 664 32
L 0 2667 2 0.026081352 665 32
L 0 2668 2 0.026086602 666 32
L 0 2669 2 0.026090951 667 32
L 0 2670 2 0.026095119 668 32
L 0 2671 2 0.026099016 669 32
L 0 2672 2 0.026102934 670 32
L 0 2673 2 0.026106841 671 32
L 0 2674 2 0.026110748 672 32
L 0 2675 2 0.026114656 673 32
L 0 2676 2 0.026118573 674 32
L 0 2677 2 0.026122491 675 32
L 0 2678 2 0.026126388 676 32
L 0 2679 2 0.026130306 677 32
L 0 2680 2 0.026134213 678 32
L 0 2681 2 0.026138121 679 32
L 0 2682 2 0.026142018 680 32
L 0 2683 2 0.026145915 681 32
L 0 2684 2 0.026149823 682 32
L 0 2685 2 0.026153740 683 32
L 0 2686 2 0.026157648 684 32
L 0 2687 2 0.026161545 685 32
L 0 2688 2 0.026165453 686 32
L 0 2689 2 0.026169360 687 32
L 0 2690 2 0.026173268 688 32
L 0 2691 2 0.026177165 689 32
L 0 2692 2 0.026181062 690 32
L 0 2693 2 0.026184970 691 32
L 0 2694 2 0.026188867 692 32
L 0 2695 2 0.026192765 693 32
L 0 2696 2 0.026196662 694 32
L 0 2697 2 0.026200560 695 32
L 0 2698 2 0.026204457 696 32
L 0 2699 2 0.026208334 697 32
L 0 2700 2 0.026212222 698 32
L 0 2701 2 0.026216119 699 32
L 0 2702 2 0.026220017 700 32
L 0 2703 2 0.026223924 701 32
L 0 2704 2 0.026227812 702 32
L 0 2705 2 0.026231719 703 32
L 0 2706 2 0.026235606 704 32
L 0 2707 2 0.026239484 705 32
L 0 2708 2 0.026243371 706 32
L 0 2709 2 0.026247269 707 32
L 0 2710 2 0.026251176 708 32
L 0 2711 2 0.026255073 709 32
L 0 2712 2 0.026258981 710 32
L 0 2713 2 0.026262878 711 32
L 0 2714 2 0.026266776 712 32
L 0 2715 2 0.026270673 713 32
L 0 2716 2 0.026274581 714 32
L 0 2717 2 0.026278488 715 32
L 0 2718 2 0.026282375 716 32
L 0 2719 2 0.026286283 717 32
L 0 2720 2 0.026290200 718 32
L 0 2721 2 0.026294098 719 32
L 0 2722 2 0.026298005 720 32
L 0 2723 2 0.026301883 721 32
L 0 2724 2 0.026305770 722 32
L 0 2725 2 0.026309667 723 32
L 0 2726 2 0.026313565 724 32
L 0 2727 2 0.026317462 725 32
L 0 2728 2 0.026321360 726 32
L 0 2729 2 0.026325257 727 32
L 0 2730 2 0.026329155 728 32
L 0 2731 2 0.026333042 729 32
L 0 2732 2 0.026336939 730 32
L 0 2733 2 0.026340837 731 32
L 0 2734 2 0.026344744 732 32
L 0 2735 2 0.026348642 733 32
L 0 2736 2 0.026352539 734 32
L 0 2737 2 0.026356427 735 32
L 0 2738 2 0.026360324 736 32
L 0 2739 2 0.026364211 737 32
L 0 2740 2 0.026368099 738 32
L 0 2741 2 0.026371996 739 32
L 0 2742 2 0.026375904 740 32
L 0 2743 2 0.026379811 741 32
L 0 2744 2 0.026383709 742 32
L 0 2745 2 0.026420629 743 32
L 0 2746 2 0.026434185 744 32
L 0 2747 2 0.026438263 745 32
L 0 2748 2 0.026442160 746 32
L 0 2749 2 0.026446067 747 32
L 0 2750 2 0.026449965 748 32
L 0 2751 2 0.026453892 749 32
L 0 2752 2 0.026457800 750 32
L 0 2753 2 0.026461687 751 32
L 0 2754 2 0.026465585 752 32
L 0 2755 2 0.026469933 753 32
L 0 2756 2 0.026475413 754 32
L 0 2757 2 0.026480764 755 32
L 0 2758 2 0.026485312 756 32
L 0 2759 2 0.026491384 757 32
L 0 2760 2 0.026497014 758 32
L 0 2761 2 0.026501573 759 32
L 0 2762 2 0.026506182 760 32
L 0 2763 2 0.026511272 761 32
L 0 2764 2 0.026516271 762 32
L 0 2765 2 0.026521181 763 32
L 0 2766 2 0.026527022 764 32
L 0 2767 2 0.026532272 765 32
L 0 2768 2 0.026537662 766 32
L 0 2769 2 0.026542651 767 32
L 0 2770 2 0.026546920 768 32
L 0 2771 2 0.026550807 769 32
L 0 2772 2 0.026554714 770 32
L 0 2773 2 0.026558612 771 32
L 0 2774 2 0.026562519 772 32
L 0 2775 2 0.026566407 773 32
L 0 2776 2 0.026570314 774 32
L 0 2777 2 0.026574212 775 32
L 0 2778 2 0.026578139 776 32
L 0 2779 2 0.026582107 777 32
L 0 2780 2 0.026596915 778 32
L 0 2781 2 0.026600862 779 32
L 0 2782 2 0.026604760 780 32
L 0 2783 2 0.026608677 781 32
L 0 2784 2 0.026612575 782 32
L 0 2785 2 0.026616482 783 32
L 0 2786 2 0.026620400 784 32
L 0 2787 2 0.026624307 785 32
L 0 2788 2 0.026628214 786 32
L 0 2789 2 0.026632122 787 32
L 0 2790 2 0.026636039 788 32
L 0 2791 2 0.026639947 789 32
L 0 2792 2 0.026643864 790 32
L 0 2793 2 0.026647772 791 32
L 0 2794 2 0.026651679 792 32
L 0 2795 2 0.026655597 793 32
L 0 2796 2 0.026659504 794 32
L 0 2797 2 0.026663422 795 32
L 0 2798 2 0.026667329 796 32
L 0 2799 2 0.026671236 797 32
L 0 2800 2 0.026675134 798 32
L 0 2801 2 0.026679041 799 32
L 0 2802 2 0.026682949 800 32
L 0 2803 2 0.026686856 801 32
L 0 2804 2 0.026690754 802 32
L 0 2805 2 0.026694661 803 32
L 0 2806 2 0.026698669 804 32
L 0 2807 2 0.026702596 805 32
L 0 2808 2 0.026706514 806 32
L 0 2809 2 0.026710431 807 32
L 0 2810 2 0.026714349 808 32
L 0 2811 2 0.026718266 809 32
L 0 2812 2 0.026722184 810 32
L 0 2813 2 0.026726061 811 32
L 0 2814 2 0.026729978 812 32
L 0 2815 2 0.026733876 813 32
L 0 2816 2 0.026737793 814 32
L 0 2817 2 0.026741701 815 32
L 0 2818 2 0.026745618 816 32
L 0 2819 2 0.026749536 817 32
L 0 2820 2 0.026757902 818 32
L 0 2821 2 0.026761939 819 32
L 0 2822 2 0.026765847 820 32
L 0 2823 2 0.026769764 821 32
L 0 2824 2 0.026773672 822 32
L 0 2825 2 0.026777599 823 32
L 0 2826 2 0.026781497 824 32
L 0 2827 2 0.026785424 825 32
L 0 2828 2 0.026789331 826 32
L 0 2829 2 0.026793249 827 32
L 0 2830 2 0.026797166 828 32
L 0 2831 2 0.026801074 829 32
L 0 2832 2 0.026805232 830 32
L 0 2833 2 0.026809550 831 32
L 0 2834 2 0.026813628 832 32
L 0 2835 2 0.026817555 833 32
L 0 2836 2 0.026821483 834 32
L 0 2837 2 0.026825400 835 32
L 0 2838 2 0.026829318 836 32
L 0 2839 2 0.026833225 837 32
L 0 2840 2 0.026837163 838 32
L 0 2841 2 0.026841080 839 32
L 0 2842 2 0.026844998 840 32
L 0 2843 2 0.026848915 841 32
L 0 2844 2 0.026852832 842 32
L 0 2845 2 0.026857061 843 32
L 0 2846 2 0.026860988 844 32
L 0 2847 2 0.026864895 845 32
L 0 2848 2 0.026868823 846 32
L 0 2849 2 0.026872740 847 32
L 0 2850 2 0.026876668 848 32
L 0 2851 2 0.026880585 849 32
L 0 2852 2 0.026884493 850 32
L 0 2853 2 0.026888420 851 32
L 0 2854 2 0.026892338 852 32
L 0 2855 2 0.026896255 853 32
L 0 2856 2 0.026900183 854 32
L 0 2857 2 0.026904100 855 32
L 0 2858 2 0.026908028 856 32
L 0 2859 2 0.026911935 857 32
L 0 2860 2 0.026915853 858 32
L 0 2861 2 0.026919780 859 32
L 0 2862 2 0.026923698 860 32
L 0 2863 2 0.026927615 861 32
L 0 2864 2 0.026931532 862 32
L 0 2865 2 0.026935450 863 32
L 0 2866 2 0.026939357 864 32
L 0 2867 2 0.026943265 865 32
L 0 2868 2 0.026947192 866 32
L 0 2869 2 0.026951120 867 32
L 0 2870 2 0.026955037 868 32
L 0 2871 2 0.026958955 869 32
L 0 2872 2 0.026962952 870 32
L 0 2873 2 0.026966860 871 32
L 0 2874 2 0.026970767 872 32
L 0 2875 2 0.026974685 873 32
L 0 2876 2 0.026978612 874 32
L 0 2877 2 0.026982530 875 32
L 0 2878 2 0.026986437 876 32
L 0 2879 2 0.026990355 877 32
L 0 2880 2 0.026994282 878 32
L 0 2881 2 0.026998199 879 32
L 0 2882 2 0.027002127 880 32
L 0 2883 2 0.027006044 881 32
L 0 2884 2 0.027009962 882 32
L 0 2885 2 0.027013889 883 32
L 0 2886 2 0.027017807 884 32
L 0 2887 2 0.027021714 885 32
L 0 2888 2 0.027025642 886 32
L 0 2889 2 0.027029559 887 32
L 0 2890 2 0.027033457 888 32
L 0 2891 2 0.027037374 889 32
L 0 2892 2 0.027041292 890 32
L 0 2893 2 0.027045219 891 32
L 0 2894 2 0.027049137 892 32
L 0 2895 2 0.027053044 893 32
L 0 2896 2 0.027056971 894 32
L 0 2897 2 0.027060869 895 32
L 0 2898 2 0.027064806 896 32
L 0 2899 2 0.027068714 897 32
L 0 2900 2 0.027073162 898 32
L 0 2901 2 0.027078432 899 32
L 0 2902 2 0.027084274 900 32
L 0 2903 2 0.027089473 901 32
L 0 2904 2 0.027094994 902 32
L 0 2905 2 0.027099743 903 32
L 0 2906 2 0.027103931 904 32
L 0 2907 2 0.027107858 905 32
L 0 2908 2 0.027111786 906 32
L 0 2909 2 0.027115723 907 32
L 0 2910 2 0.027119641 908 32
L 0 2911 2 0.027123578 909 32
L 0 2912 2 0.027156251 910 32
L 0 2913 2 0.027165057 911 32
L 0 2914 2 0.027169015 912 32
L 0 2915 2 0.027172922 913 32
L 0 2916 2 0.027176820 914 32
L 0 2917 2 0.027190195 915 32
L 0 2918 2 0.027195345 916 32
L 0 2919 2 0.027200665 917 32
L 0 2920 2 0.027206086 918 32
L 0 2921 2 0.027211406 919 32
L 0 2922 2 0.027216716 920 32
L 0 2923 2 0.027221966 921 32
L 0 2924 2 0.027227116 922 32
L 0 2925 2 0.027231394 923 32
L 0 2926 2 0.027235311 924 32
L 0 2927 2 0.027239239 925 32
L 0 2928 2 0.027243126 926 32
L 0 2929 2 0.027247024 927 32
L 0 2930 2 0.027250911 928 32
L 0 2931 2 0.027256221 929 32
L 0 2932 2 0.027261511 930 32
L 0 2933 2 0.027266280 931 32
L 0 2934 2 0.027270478 932 32
L 0 2935 2 0.027275979 933 32
L 0 2936 2 0.027281189 934 32
L 0 2937 2 0.027285808 935 32
L 0 2938 2 0.027289805 936 32
L 0 2939 2 0.027293693 937 32
L 0 2940 2 0.027297650 938 32
L 0 2941 2 0.027301538 939 32
L 0 2942 2 0.027305415 940 32
L 0 2943 2 0.027309292 941 32
L 0 2944 2 0.027313170 942 32
L 0 2945 2 0.027317047 943 32
L 0 2946 2 0.027320924 944 32
L 0 2947 2 0.027324802 945 32
L 0 2948 2 0.027328679 946 32
L 0 2949 2 0.027332567 947 32
L 0 2950 2 0.027336444 948 32
L 0 2951 2 0.027340321 949 32
L 0 2952 2 0.027344199 950 32
L 0 2953 2 0.027348076 951 32
L 0 2954 2 0.027351954 952 32
L 0 2955 2 0.027355841 953 32
L 0 2956 2 0.027359718 954 32
L 0 2957 2 0.027363596 955 32
L 0 2958 2 0.027367453 956 32
L 0 2959 2 0.027371341 957 32
L 0 2960 2 0.027375238 958 32
L 0 2961 2 0.027379105 959 32
L 0 2962 2 0.027382993 960 32
L 0 2963 2 0.027425133 961 32
L 0 2964 2 0.027436174 962 32
L 0 2965 2 0.027441825 963 32
L 0 2966 2 0.027447045 964 32
L 0 2967 2 0.027451704 965 32
L 0 2968 2 0.027455591 966 32
L 0 2969 2 0.027459458 967 32
L 0 2970 2 0.027463326 968 32
L 0 2971 2 0.027467213 969 32
L 0 2972 2 0.027471401 970 32
L 0 2973 2 0.027475329 971 32
L 0 2974 2 0.027479717 972 32
L 0 2975 2 0.027483614 973 32
L 0 2976 2 0.027487502 974 32
L 0 2977 2 0.027491379 975 32
L 0 2978 2 0.027495257 976 32
L 0 2979 2 0.027499134 977 32
L 0 2980 2 0.027503021 978 32
L 0 2981 2 0.027506909 979 32
L 0 2982 2 0.027510786 980 32
L 0 2983 2 0.027514664 981 32
L 0 2984 2 0.027518551 982 32
L 0 2985 2 0.027522428 983 32
L 0 2986 2 0.027526296 984 32
L 0 2987 2 0.027530173 985 32
L 0 2988 2 0.027534051 986 32
L 0 2989 2 0.027537938 987 32
L 0 2990 2 0.027541825 988 32
L 0 2991 2 0.027545703 989 32
L 0 2992 2 0.027549590 990 32
L 0 2993 2 0.027553458 991 32
L 0 2994 2 0.027557335 992 32
L 0 2995 2 0.027561222 993 32
L 0 2996 2 0.027565090 994 32
L 0 2997 2 0.027568967 995 32
L 0 2998 2 0.027572844 996 32
L 0 2999 2 0.027576732 997 32
L 0 3000 2 0.027580619 998 32
L 0 3001 2 0.027584497 999 32
F 3002 43862.917892883 0.027702752
