I 1 43475.123393567
L 0 2 0 0.011440876 0 32
L 0 3 0 0.011466614 1 32
L 0 4 0 0.011473938 2 32
L 0 5 0 0.011480660 3 32
L 0 6 0 0.011489838 4 32
L 0 7 0 0.011496991 5 32
L 0 8 0 0.011504044 6 32
L 0 9 0 0.011511037 7 32
L 0 10 0 0.011661579 8 32
L 0 11 0 0.011681466 9 32
L 0 12 0 0.011688569 10 32
L 0 13 0 0.011695152 11 32
L 0 14 0 0.011701604 12 32
L 0 15 0 0.011708006 13 32
L 0 16 0 0.011714448 14 32
L 0 17 0 0.011720840 15 32
L 0 18 0 0.011727252 16 32
L 0 19 0 0.011733694 17 32
L 0 20 0 0.011740106 18 32
L 0 21 0 0.011746458 19 32
L 0 22 0 0.011752920 20 32
L 0 23 0 0.011759372 21 32
L 0 24 0 0.011765974 22 32
L 0 25 0 0.011772346 23 32
L 0 26 0 0.011778778 24 32
L 0 27 0 0.011785200 25 32
L 0 28 0 0.011791642 26 32
L 0 29 0 0.011798044 27 32
L 0 30 0 0.011804456 28 32
L 0 31 0 0.011810788 29 32
L 0 32 0 0.011817220 30 32
L 0 33 0 0.011823622 31 32
L 0 34 0 0.011829964 32 32
L 0 35 0 0.011836386 33 32
L 0 36 0 0.011842828 34 32
L 0 37 0 0.011849140 35 32
L 0 38 0 0.011855582 36 32
L 0 39 0 0.011862004 37 32
L 0 40 0 0.011868366 38 32
L 0 41 0 0.011874798 39 32
L 0 42 0 0.011881220 40 32
L 0 43 0 0.011887592 41 32
L 0 44 0 0.011894034 42 32
L 0 45 0 0.011900426 43 32
L 0 46 0 0.011906788 44 32
L 0 47 0 0.011913210 45 32
L 0 48 0 0.011919642 46 32
L 0 49 0 0.011926044 47 32
L 0 50 0 0.011932396 48 32
L 0 51 0 0.011938818 49 32
L 0 52 0 0.011945240 50 32
L 0 53 0 0.011951572 51 32
L 0 54 0 0.011958014 52 32
L 0 55 0 0.011964426 53 32
L 0 56 0 0.011970767 54 32
L 0 57 0 0.011977290 55 32
L 0 58 0 0.011983702 56 32
L 0 59 0 0.011990054 57 32
L 0 60 0 0.011996926 58 32
L 0 61 0 0.012003348 59 32
L 0 62 0 0.012009690 60 32
L 0 63 0 0.012016122 61 32
L 0 64 0 0.012022544 62 32
L 0 65 0 0.012028886 63 32
L 0 66 0 0.012036360 64 32
L 0 67 0 0.012042862 65 32
L 0 68 0 0.012049224 66 32
L 0 69 0 0.012055646 67 32
L 0 70 0 0.012062098 68 32
L 0 71 0 0.012068460 69 32
L 0 72 0 0.012074922 70 32
L 0 73 0 0.012081334 71 32
L 0 74 0 0.012087917 72 32
L 0 75 0 0.012094249 73 32
L 0 76 0 0.012100671 74 32
L 0 77 0 0.012107083 75 32
L 0 78 0 0.012113505 76 32
L 0 79 0 0.012119907 77 32
L 0 80 0 0.012126319 78 32
L 0 81 0 0.012132670 79 32
L 0 82 0 0.012139082 80 32
L 0 83 0 0.012145474 81 32
L 0 84 0 0.012151816 82 32
L 0 85 0 0.012158258 83 32
L 0 86 0 0.012164690 84 32
L 0 87 0 0.012171112 85 32
L 0 88 0 0.012177474 86 32
L 0 89 0 0.012183916 87 32
L 0 90 0 0.012190348 88 32
L 0 91 0 0.012196760 89 32
L 0 92 0 0.012203132 90 32
L 0 93 0 0.012209564 91 32
L 0 94 0 0.012216006 92 32
L 0 95 0 0.012222348 93 32
L 0 96 0 0.012228800 94 32
L 0 97 0 0.012235212 95 32
L 0 98 0 0.012241634 96 32
L 0 99 0 0.012248026 97 32
L 0 100 0 0.012254428 98 32
L 0 101 0 0.012260790 99 32
L 0 102 0 0.012267252 100 32
L 0 103 0 0.012273734 101 32
L 0 104 0 0.012280176 102 32
L 0 105 0 0.012286628 103 32
L 0 106 0 0.012293020 104 32
L 0 107 0 0.012299473 105 32
L 0 108 0 0.012305935 106 32
L 0 109 0 0.012312307 107 32
L 0 110 0 0.012318739 108 32
L 0 111 0 0.012325161 109 32
L 0 112 0 0.012331512 110 32
L 0 113 0 0.012337965 111 32
L 0 114 0 0.012344397 112 32
L 0 115 0 0.012350758 113 32
L 0 116 0 0.012482986 114 32
L 0 117 0 0.012502042 115 32
L 0 118 0 0.012508774 116 32
L 0 119 0 0.012515276 117 32
L 0 120 0 0.012521728 118 32
L 0 121 0 0.012528180 119 32
L 0 122 0 0.012534833 120 32
L 0 123 0 0.012541315 121 32
L 0 124 0 0.012547767 122 32
L 0 125 0 0.012554199 123 32
L 0 126 0 0.012560581 124 32
L 0 127 0 0.012567023 125 32
L 0 128 0 0.012573485 126 32
L 0 129 0 0.012579857 127 32
L 0 130 0 0.012586289 128 32
L 0 131 0 0.012592681 129 32
L 0 132 0 0.012599053 130 32
L 0 133 0 0.012605475 131 32
L 0 134 0 0.012611917 132 32
L 0 135 0 0.012618289 133 32
L 0 136 0 0.012624731 134 32
L 0 137 0 0.012631163 135 32
L 0 138 0 0.012637535 136 32
L 0 139 0 0.012643987 137 32
L 0 140 0 0.012650419 138 32
L 0 141 0 0.012656801 139 32
L 0 142 0 0.012663253 140 32
L 0 143 0 0.012669685 141 32
L 0 144 0 0.012676288 142 32
L 0 145 0 0.012682639 143 32
L 0 146 0 0.012689092 144 32
L 0 147 0 0.012695544 145 32
L 0 148 0 0.012701956 146 32
L 0 149 0 0.012708378 147 32
L 0 150 0 0.012714870 148 32
L 0 151 0 0.012751528 149 32
L 0 152 0 0.012758562 150 32
L 0 153 0 0.012765094 151 32
L 0 154 0 0.012771546 152 32
L 0 155 0 0.012778048 153 32
L 0 156 0 0.012784530 154 32
L 0 157 0 0.012791072 155 32
L 0 158 0 0.012797534 156 32
L 0 159 0 0.012803987 157 32
L 0 160 0 0.012810389 158 32
L 0 161 0 0.012816881 159 32
L 0 162 0 0.012823343 160 32
L 0 163 0 0.012829725 161 32
L 0 164 0 0.012836227 162 32
L 0 165 0 0.012842689 163 32
L 0 166 0 0.012849141 164 32
L 0 167 0 0.012855533 165 32
L 0 168 0 0.012862015 166 32
L 0 169 0 0.012868467 167 32
L 0 170 0 0.012874839 168 32
L 0 171 0 0.012881331 169 32
L 0 172 0 0.012887773 170 32
L 0 173 0 0.012894145 171 32
L 0 174 0 0.012900637 172 32
L 0 175 0 0.012907089 173 32
L 0 176 0 0.012913481 174 32
L 0 177 0 0.012919984 175 32
L 0 178 0 0.012926446 176 32
L 0 179 0 0.012933569 177 32
L 0 180 0 0.012940492 178 32
L 0 181 0 0.012947044 179 32
L 0 182 0 0.012953596 180 32
L 0 183 0 0.012960089 181 32
L 0 184 0 0.012966671 182 32
L 0 185 0 0.012973233 183 32
L 0 186 0 0.012979765 184 32
L 0 187 0 0.012986438 185 32
L 0 188 0 0.012993531 186 32
L 0 189 0 0.013000184 187 32
L 0 190 0 0.013006756 188 32
L 0 191 0 0.013013358 189 32
L 0 192 0 0.013019921 190 32
L 0 193 0 0.013026463 191 32
L 0 194 0 0.013032995 192 32
L 0 195 0 0.013039547 193 32
L 0 196 0 0.013046100 194 32
L 0 197 0 0.013052562 195 32
L 0 198 0 0.013059144 196 32
L 0 199 0 0.013065726 197 32
L 0 200 0 0.013072269 198 32
L 0 201 0 0.013078771 199 32
L 0 202 0 0.013085363 200 32
L 0 203 0 0.013091915 201 32
L 0 204 0 0.013098478 202 32
L 0 205 0 0.013105050 203 32
L 0 206 0 0.013111542 204 32
L 0 207 0 0.013118134 205 32
L 0 208 0 0.013124717 206 32
L 0 209 0 0.013131289 207 32
L 0 210 0 0.013137791 208 32
L 0 211 0 0.013144373 209 32
L 0 212 0 0.013150946 210 32
L 0 213 0 0.013157789 211 32
L 0 214 0 0.013164291 212 32
L 0 215 0 0.013170973 213 32
L 0 216 0 0.013177626 214 32
L 0 217 0 0.013184388 215 32
L 0 218 0 0.013190099 216 32
L 0 219 0 0.013195699 217 32
L 0 220 0 0.013201330 218 32
L 0 221 0 0.013217220 219 32
L 0 222 0 0.013223121 220 32
L 0 223 0 0.013228771 221 32
L 0 224 0 0.013234382 222 32
L 0 225 0 0.013240093 223 32
L 0 226 0 0.013245733 224 32
L 0 227 0 0.013251334 225 32
L 0 228 0 0.013256974 226 32
L 0 229 0 0.013262545 227 32
L 0 230 0 0.013268205 228 32
L 0 231 0 0.013273796 229 32
L 0 232 0 0.013279406 230 32
L 0 233 0 0.013285007 231 32
L 0 234 0 0.013290657 232 32
L 0 235 0 0.013296278 233 32
L 0 236 0 0.013301898 234 32
L 0 237 0 0.013307509 235 32
L 0 238 0 0.013313079 236 32
L 0 239 0 0.013318710 237 32
L 0 240 0 0.013324330 238 32
L 0 241 0 0.013329941 239 32
L 0 242 0 0.013335711 240 32
L 0 243 0 0.013341252 241 32
L 0 244 0 0.013346892 242 32
L 0 245 0 0.013352523 243 32
L 0 246 0 0.013358143 244 32
L 0 247 0 0.013363764 245 32
L 0 248 0 0.013369374 246 32
L 0 249 0 0.013375045 247 32
L 0 250 0 0.013380635 248 32
L 0 251 0 0.013386476 249 32
L 0 252 0 0.013392047 250 32
L 0 253 0 0.013397697 251 32
L 0 254 0 0.013403328 252 32
L 0 255 0 0.013408948 253 32
L 0 256 0 0.013414569 254 32
L 0 257 0 0.013420189 255 32
L 0 258 0 0.013425800 256 32
L 0 259 0 0.013431400 257 32
L 0 260 0 0.013437041 258 32
L 0 261 0 0.013442692 259 32
L 0 262 0 0.013448312 260 32
L 0 263 0 0.013453923 261 32
L 0 264 0 0.013459533 262 32
L 0 265 0 0.013465114 263 32
L 0 266 0 0.013470744 264 32
L 0 267 0 0.013476345 265 32
L 0 268 0 0.013481965 266 32
L 0 269 0 0.013487686 267 32
L 0 270 0 0.013493366 268 32
L 0 271 0 0.013499167 269 32
L 0 272 0 0.013504828 270 32
L 0 273 0 0.013510448 271 32
L 0 274 0 0.013516079 272 32
L 0 275 0 0.013521669 273 32
L 0 276 0 0.013527290 274 32
L 0 277 0 0.013532900 275 32
L 0 278 0 0.013538551 276 32
L 0 279 0 0.013544232 277 32
L 0 280 0 0.013549872 278 32
L 0 281 0 0.013555543 279 32
L 0 282 0 0.013561143 280 32
L 0 283 0 0.013566694 281 32
L 0 284 0 0.013572344 282 32
L 0 285 0 0.013577975 283 32
L 0 286 0 0.013583615 284 32
L 0 287 0 0.013589456 285 32
L 0 288 0 0.013595007 286 32
L 0 289 0 0.013600637 287 32
L 0 290 0 0.013606238 288 32
L 0 291 0 0.013611848 289 32
L 0 292 0 0.013628489 290 32
L 0 293 0 0.013634170 291 32
L 0 294 0 0.013639851 292 32
L 0 295 0 0.013716494 293 32
L 0 296 0 0.013770836 294 32
L 0 297 0 0.013781986 295 32
L 0 298 0 0.013787777 296 32
L 0 299 0 0.013793328 297 32
L 0 300 0 0.013798908 298 32
L 0 301 0 0.013804459 299 32
L 0 302 0 0.013809989 300 32
L 0 303 0 0.013815559 301 32
L 0 304 0 0.013821130 302 32
L 0 305 0 0.013826680 303 32
L 0 306 0 0.013832220 304 32
L 0 307 0 0.013837721 305 32
L 0 308 0 0.013843281 306 32
L 0 309 0 0.013848811 307 32
L 0 310 0 0.013854352 308 32
L 0 311 0 0.013859872 309 32
L 0 312 0 0.013865433 310 32
L 0 313 0 0.013870983 311 32
L 0 314 0 0.013876523 312 32
L 0 315 0 0.013882064 313 32
L 0 316 0 0.013887564 314 32
L 0 317 0 0.013893134 315 32
L 0 318 0 0.013898685 316 32
L 0 319 0 0.013904225 317 32
L 0 320 0 0.013909746 318 32
L 0 321 0 0.013915797 319 32
L 0 322 0 0.013922199 320 32
L 0 323 0 0.013927920 321 32
L 0 324 0 0.013933630 322 32
L 0 325 0 0.013939311 323 32
L 0 326 0 0.013945042 324 32
L 0 327 0 0.013950762 325 32
L 0 328 0 0.013956473 326 32
L 0 329 0 0.013962184 327 32
L 0 330 0 0.013967834 328 32
L 0 331 0 0.013973575 329 32
L 0 332 0 0.013979316 330 32
L 0 333 0 0.013985056 331 32
L 0 334 0 0.013991188 332 32
L 0 335 0 0.013996869 333 32
L 0 336 0 0.014003591 334 32
L 0 337 0 0.014009763 335 32
L 0 338 0 0.014015854 336 32
L 0 339 0 0.014021935 337 32
L 0 340 0 0.014028017 338 32
L 0 341 0 0.014034098 339 32
L 0 342 0 0.014040190 340 32
L 0 343 0 0.014046141 341 32
L 0 344 0 0.014051901 342 32
L 0 345 0 0.014057642 343 32
L 0 346 0 0.014063373 344 32
L 0 347 0 0.014069054 345 32
L 0 348 0 0.014074824 346 32
L 0 349 0 0.014080635 347 32
L 0 350 0 0.014086406 348 32
L 0 351 0 0.014091155 349 32
L 0 352 0 0.014095934 350 32
L 0 353 0 0.014100723 351 32
L 0 354 0 0.014105482 352 32
L 0 355 0 0.014110241 353 32
L 0 356 0 0.014115030 354 32
L 0 357 0 0.014119799 355 32
L 0 358 0 0.014124577 356 32
L 0 359 0 0.014129346 357 32
L 0 360 0 0.014134095 358 32
L 0 361 0 0.014138874 359 32
L 0 362 0 0.014143663 360 32
L 0 363 0 0.014148442 361 32
L 0 364 0 0.014153181 362 32
L 0 365 0 0.014157970 363 32
L 0 366 0 0.014162749 364 32
L 0 367 0 0.014167518 365 32
L 0 368 0 0.014172297 366 32
L 0 369 0 0.014177046 367 32
L 0 370 0 0.014181835 368 32
L 0 371 0 0.014186624 369 32
L 0 372 0 0.014191392 370 32
L 0 373 0 0.014196161 371 32
L 0 374 0 0.014200960 372 32
L 0 375 0 0.014205749 373 32
L 0 376 0 0.014210528 374 32
L 0 377 0 0.014215397 375 32
L 0 378 0 0.014220126 376 32
L 0 379 0 0.014224925 377 32
L 0 380 0 0.014229714 378 32
L 0 381 0 0.014234493 379 32
L 0 382 0 0.014239262 380 32
L 0 383 0 0.014244021 381 32
L 0 384 0 0.014248790 382 32
L 0 385 0 0.014253559 383 32
L 0 386 0 0.014258298 384 32
L 0 387 0 0.014263077 385 32
L 0 388 0 0.014267856 386 32
L 0 389 0 0.014272624 387 32
L 0 390 0 0.014277393 388 32
L 0 391 0 0.014282142 389 32
L 0 392 0 0.014286931 390 32
L 0 393 0 0.014291700 391 32
L 0 394 0 0.014296469 392 32
L 0 395 0 0.014301208 393 32
L 0 396 0 0.014305987 394 32
L 0 397 0 0.014310766 395 32
L 0 398 0 0.014315535 396 32
L 0 399 0 0.014320534 397 32
L 0 400 0 0.014325273 398 32
L 0 401 0 0.014330062 399 32
L 0 402 0 0.014334841 400 32
L 0 403 0 0.014339600 401 32
L 0 404 0 0.014344369 402 32
L 0 405 0 0.014349138 403 32
L 0 406 0 0.014353917 404 32
L 0 407 0 0.014358686 405 32
L 0 408 0 0.014363434 406 32
L 0 409 0 0.014368253 407 32
L 0 410 0 0.014373032 408 32
L 0 411 0 0.014377801 409 32
L 0 412 0 0.014382580 410 32
L 0 413 0 0.014387319 411 32
L 0 414 0 0.014392128 412 32
L 0 415 0 0.014396907 413 32
L 0 416 0 0.014401676 414 32
L 0 417 0 0.014406415 415 32
L 0 418 0 0.014411224 416 32
L 0 419 0 0.014415983 417 32
L 0 420 0 0.014420752 418 32
L 0 421 0 0.014425801 419 32
L 0 422 0 0.014430550 420 32
L 0 423 0 0.014435349 421 32
L 0 424 0 0.014440128 422 32
L 0 425 0 0.014444907 423 32
L 0 426 0 0.014449676 424 32
L 0 427 0 0.014454445 425 32
L 0 428 0 0.014459234 426 32
L 0 429 0 0.014463993 427 32
L 0 430 0 0.014468741 428 32
L 0 431 0 0.014473530 429 32
L 0 432 0 0.014478289 430 32
L 0 433 0 0.014495662 431 32
L 0 434 0 0.014500561 432 32
L 0 435 0 0.014505340 433 32
L 0 436 0 0.014510229 434 32
L 0 437 0 0.014520268 435 32
L 0 438 0 0.014525207 436 32
L 0 439 0 0.014530006 437 32
L 0 440 0 0.014534785 438 32
L 0 441 0 0.014539554 439 32
L 0 442 0 0.014544323 440 32
L 0 443 0 0.014549092 441 32
L 0 444 0 0.014553861 442 32
L 0 445 0 0.014558630 443 32
L 0 446 0 0.014563419 444 32
L 0 447 0 0.014568157 445 32
L 0 448 0 0.014572997 446 32
L 0 449 0 0.014577785 447 32
L 0 450 0 0.014582544 448 32
L 0 451 0 0.014587283 449 32
L 0 452 0 0.014592082 450 32
L 0 453 0 0.014596851 451 32
L 0 454 0 0.014601630 452 32
L 0 455 0 0.014606499 453 32
L 0 456 0 0.014611308 454 32
L 0 457 0 0.014616087 455 32
L 0 458 0 0.014620846 456 32
L 0 459 0 0.014625615 457 32
L 0 460 0 0.014630354 458 32
L 0 461 0 0.014635153 459 32
L 0 462 0 0.014639942 460 32
L 0 463 0 0.014644711 461 32
L 0 464 0 0.014649460 462 32
L 0 465 0 0.014654259 463 32
L 0 466 0 0.014659017 464 32
L 0 467 0 0.014663796 465 32
L 0 468 0 0.014668565 466 32
L 0 469 0 0.014673314 467 32
L 0 470 0 0.014678113 468 32
L 0 471 0 0.014682892 469 32
L 0 472 0 0.014687671 470 32
L 0 473 0 0.014692420 471 32
L 0 474 0 0.014697219 472 32
L 0 475 0 0.014701998 473 32
L 0 476 0 0.014706777 474 32
L 0 477 0 0.014711636 475 32
L 0 478 0 0.014716365 476 32
L 0 479 0 0.014721174 477 32
L 0 480 0 0.014725963 478 32
L 0 481 0 0.014730752 479 32
L 0 482 0 0.014735531 480 32
L 0 483 0 0.014740290 481 32
L 0 484 0 0.014745068 482 32
L 0 485 0 0.014749837 483 32
L 0 486 0 0.014754586 484 32
L 0 487 0 0.014759405 485 32
L 0 488 0 0.014764194 486 32
L 0 489 0 0.014768973 487 32
L 0 490 0 0.014773752 488 32
L 0 491 0 0.014778481 489 32
L 0 492 0 0.014783300 490 32
L 0 493 0 0.014788079 491 32
L 0 494 0 0.014792848 492 32
L 0 495 0 0.014797577 493 32
L 0 496 0 0.014802386 494 32
L 0 497 0 0.014807165 495 32
L 0 498 0 0.014811934 496 32
L 0 499 0 0.014816692 497 32
L 0 500 0 0.014821491 498 32
L 0 501 0 0.014826260 499 32
L 0 502 0 0.014831029 500 32
L 0 503 0 0.014835798 501 32
L 0 504 0 0.014840527 502 32
L 0 505 0 0.014845336 503 32
L 0 506 0 0.014850125 504 32
L 0 507 0 0.014854894 505 32
L 0 508 0 0.014859633 506 32
L 0 509 0 0.014864562 507 32
L 0 510 0 0.014869381 508 32
L 0 511 0 0.014874170 509 32
L 0 512 0 0.014878939 510 32
L 0 513 0 0.014883678 511 32
L 0 514 0 0.014888597 512 32
L 0 515 0 0.014893406 513 32
L 0 516 0 0.014898175 514 32
L 0 517 0 0.014902904 515 32
L 0 518 0 0.014907703 516 32
L 0 519 0 0.014912452 517 32
L 0 520 0 0.014917221 518 32
L 0 521 0 0.014922090 519 32
L 0 522 0 0.014926809 520 32
L 0 523 0 0.014931618 521 32
L 0 524 0 0.014936406 522 32
L 0 525 0 0.014941205 523 32
L 0 526 0 0.014946004 524 32
L 0 527 0 0.014950773 525 32
L 0 528 0 0.014955532 526 32
L 0 529 0 0.014960311 527 32
L 0 530 0 0.014965050 528 32
L 0 531 0 0.014969829 529 32
L 0 532 0 0.014974608 530 32
L 0 533 0 0.014979377 531 32
L 0 534 0 0.014984156 532 32
L 0 535 0 0.014988905 533 32
L 0 536 0 0.014993694 534 32
L 0 537 0 0.014998473 535 32
L 0 538 0 0.015003252 536 32
L 0 539 0 0.015007980 537 32
L 0 540 0 0.015012759 538 32
L 0 541 0 0.015017518 539 32
L 0 542 0 0.015022287 540 32
L 0 543 0 0.015027226 541 32
L 0 544 0 0.015031945 542 32
L 0 545 0 0.015036754 543 32
L 0 546 0 0.015041543 544 32
L 0 547 0 0.015046332 545 32
L 0 548 0 0.015051131 546 32
L 0 549 0 0.015055910 547 32
L 0 550 0 0.015060689 548 32
L 0 551 0 0.015065458 549 32
L 0 552 0 0.015070197 550 32
L 0 553 0 0.015074986 551 32
L 0 554 0 0.015079765 552 32
L 0 555 0 0.015084524 553 32
L 0 556 0 0.015089323 554 32
L 0 557 0 0.015094051 555 32
L 0 558 0 0.015098860 556 32
L 0 559 0 0.015103639 557 32
L 0 560 0 0.015108418 558 32
L 0 561 0 0.015113167 559 32
L 0 562 0 0.015117956 560 32
L 0 563 0 0.015122715 561 32
L 0 564 0 0.015127484 562 32
L 0 565 0 0.015132233 563 32
L 0 566 0 0.015137042 564 32
L 0 567 0 0.015141821 565 32
L 0 568 0 0.015146600 566 32
L 0 569 0 0.015151539 567 32
L 0 570 0 0.015157059 568 32
L 0 571 0 0.015163241 569 32
L 0 572 0 0.015169212 570 32
L 0 573 0 0.015175163 571 32
L 0 574 0 0.015193327 572 32
L 0 575 0 0.015198046 573 32
L 0 576 0 0.015202645 574 32
L 0 577 0 0.015207313 575 32
L 0 578 0 0.015211952 576 32
L 0 579 0 0.015216601 577 32
L 0 580 0 0.015221239 578 32
L 0 581 0 0.015225888 579 32
L 0 582 0 0.015230527 580 32
L 0 583 0 0.015235135 581 32
L 0 584 0 0.015239794 582 32
L 0 585 0 0.015244453 583 32
L 0 586 0 0.015249092 584 32
L 0 587 0 0.015253750 585 32
L 0 588 0 0.015258349 586 32
L 0 589 0 0.015263028 587 32
L 0 590 0 0.015267666 588 32
L 0 591 0 0.015272315 589 32
L 0 592 0 0.015276924 590 32
L 0 593 0 0.015281602 591 32
L 0 594 0 0.015286241 592 32
L 0 595 0 0.015290870 593 32
L 0 596 0 0.015295609 594 32
L 0 597 0 0.015300197 595 32
L 0 598 0 0.015304866 596 32
L 0 599 0 0.015309525 597 32
L 0 600 0 0.015314173 598 32
L 0 601 0 0.015318812 599 32
L 0 602 0 0.015323451 600 32
L 0 603 0 0.015328099 601 32
L 0 604 0 0.015332748 602 32
L 0 605 0 0.015337367 603 32
L 0 606 0 0.015342025 604 32
L 0 607 0 0.015346684 605 32
L 0 608 0 0.015351323 606 32
L 0 609 0 0.015356092 607 32
L 0 610 0 0.015360680 608 32
L 0 611 0 0.015365339 609 32
L 0 612 0 0.015370008 610 32
L 0 613 0 0.015374657 611 32
L 0 614 0 0.015379305 612 32
L 0 615 0 0.015383954 613 32
L 0 616 0 0.015388593 614 32
L 0 617 0 0.015393231 615 32
L 0 618 0 0.015397840 616 32
L 0 619 0 0.015402509 617 32
L 0 620 0 0.015407147 618 32
L 0 621 0 0.015411786 619 32
L 0 622 0 0.015416425 620 32
L 0 623 0 0.015421033 621 32
L 0 624 0 0.015425702 622 32
L 0 625 0 0.015430341 623 32
L 0 626 0 0.015434999 624 32
L 0 627 0 0.015439608 625 32
L 0 628 0 0.015444277 626 32
L 0 629 0 0.015448915 627 32
L 0 630 0 0.015453564 628 32
L 0 631 0 0.015458203 629 32
L 0 632 0 0.015462862 630 32
L 0 633 0 0.015467510 631 32
L 0 634 0 0.015472149 632 32
L 0 635 0 0.015476798 633 32
L 0 636 0 0.015481406 634 32
L 0 637 0 0.015486075 635 32
L 0 638 0 0.015490714 636 32
L 0 639 0 0.015495372 637 32
L 0 640 0 0.015499981 638 32
L 0 641 0 0.015504640 639 32
L 0 642 0 0.015509288 640 32
L 0 643 0 0.015513927 641 32
L 0 644 0 0.015518596 642 32
L 0 645 0 0.015523204 643 32
L 0 646 0 0.015527873 644 32
L 0 647 0 0.015532512 645 32
L 0 648 0 0.015537161 646 32
L 0 649 0 0.015541769 647 32
L 0 650 0 0.015546438 648 32
L 0 651 0 0.015551077 649 32
L 0 652 0 0.015555725 650 32
L 0 653 0 0.015565343 651 32
L 0 654 0 0.015570172 652 32
L 0 655 0 0.015574841 653 32
L 0 656 0 0.015579500 654 32
L 0 657 0 0.015584128 655 32
L 0 658 0 0.015588807 656 32
L 0 659 0 0.015593456 657 32
L 0 660 0 0.015598105 658 32
L 0 661 0 0.015602723 659 32
L 0 662 0 0.015607432 660 32
L 0 663 0 0.015612091 661 32
L 0 664 0 0.015616739 662 32
L 0 665 0 0.015621408 663 32
L 0 666 0 0.015626027 664 32
L 0 667 0 0.015630696 665 32
L 0 668 0 0.015635344 666 32
L 0 669 0 0.015640003 667 32
L 0 670 0 0.015644632 668 32
L 0 671 0 0.015649320 669 32
L 0 672 0 0.015653969 670 32
L 0 673 0 0.015658638 671 32
L 0 674 0 0.015663297 672 32
L 0 675 0 0.015667975 673 32
L 0 676 0 0.015672644 674 32
L 0 677 0 0.015677293 675 32
L 0 678 0 0.015681962 676 32
L 0 679 0 0.015686580 677 32
L 0 680 0 0.015691259 678 32
L 0 681 0 0.015695918 679 32
L 0 682 0 0.015700576 680 32
L 0 683 0 0.015705185 681 32
L 0 684 0 0.015709874 682 32
L 0 685 0 0.015714532 683 32
L 0 686 0 0.015719181 684 32
L 0 687 0 0.015724120 685 32
L 0 688 0 0.015728749 686 32
L 0 689 0 0.015733428 687 32
L 0 690 0 0.015738097 688 32
L 0 691 0 0.015742755 689 32
L 0 692 0 0.015747414 690 32
L 0 693 0 0.015752063 691 32
L 0 694 0 0.015756721 692 32
L 0 695 0 0.015761380 693 32
L 0 696 0 0.015766019 694 32
L 0 697 0 0.015770708 695 32
L 0 698 0 0.015775366 696 32
L 0 699 0 0.015780005 697 32
L 0 700 0 0.015784664 698 32
L 0 701 0 0.015789292 699 32
L 0 702 0 0.015793981 700 32
L 0 703 0 0.015798640 701 32
L 0 704 0 0.015803299 702 32
L 0 705 0 0.015807927 703 32
L 0 706 0 0.015812596 704 32
L 0 707 0 0.015817245 705 32
L 0 708 0 0.015821913 706 32
L 0 709 0 0.015826562 707 32
L 0 710 0 0.015831241 708 32
L 0 711 0 0.015835910 709 32
L 0 712 0 0.015840558 710 32
L 0 713 0 0.015845227 711 32
L 0 714 0 0.015849846 712 32
L 0 715 0 0.015861608 713 32
L 0 716 0 0.015866357 714 32
L 0 717 0 0.015870975 715 32
L 0 718 0 0.015875654 716 32
L 0 719 0 0.015880303 717 32
L 0 720 0 0.015884951 718 32
L 0 721 0 0.015889610 719 32
L 0 722 0 0.015894269 720 32
L 0 723 0 0.015898907 721 32
L 0 724 0 0.015903556 722 32
L 0 725 0 0.015908215 723 32
L 0 726 0 0.015912874 724 32
L 0 727 0 0.015917522 725 32
L 0 728 0 0.015922141 726 32
L 0 729 0 0.015926830 727 32
L 0 730 0 0.015931498 728 32
L 0 731 0 0.015936137 729 32
L 0 732 0 0.015940756 730 32
L 0 733 0 0.015945414 731 32
L 0 734 0 0.015950073 732 32
L 0 735 0 0.015954722 733 32
L 0 736 0 0.015959361 734 32
L 0 737 0 0.015963999 735 32
L 0 738 0 0.015968678 736 32
L 0 739 0 0.015973327 737 32
L 0 740 0 0.015977995 738 32
L 0 741 0 0.015982604 739 32
L 0 742 0 0.015987273 740 32
L 0 743 0 0.015991931 741 32
L 0 744 0 0.015996580 742 32
L 0 745 0 0.016001219 743 32
L 0 746 0 0.016005908 744 32
L 0 747 0 0.016010566 745 32
L 0 748 0 0.016015225 746 32
L 0 749 0 0.016019874 747 32
L 0 750 0 0.016024502 748 32
L 0 751 0 0.016029271 749 32
L 0 752 0 0.016033970 750 32
L 0 753 0 0.016038639 751 32
L 0 754 0 0.016043268 752 32
L 0 755 0 0.016047946 753 32
L 0 756 0 0.016052635 754 32
L 0 757 0 0.016057294 755 32
L 0 758 0 0.016061942 756 32
L 0 759 0 0.016066571 757 32
L 0 760 0 0.016071310 758 32
L 0 761 0 0.016075969 759 32
L 0 762 0 0.016080637 760 32
L 0 763 0 0.016085236 761 32
L 0 764 0 0.016089935 762 32
L 0 765 0 0.016094604 763 32
L 0 766 0 0.016099262 764 32
L 0 767 0 0.016103881 765 32
L 0 768 0 0.016108560 766 32
L 0 769 0 0.016113218 767 32
L 0 770 0 0.016117877 768 32
L 0 771 0 0.016122526 769 32
L 0 772 0 0.016127134 770 32
L 0 773 0 0.016131813 771 32
L 0 774 0 0.016136482 772 32
L 0 775 0 0.016141141 773 32
L 0 776 0 0.016145739 774 32
L 0 777 0 0.016150408 775 32
L 0 778 0 0.016155047 776 32
L 0 779 0 0.016159675 777 32
L 0 780 0 0.016164585 778 32
L 0 781 0 0.016169213 779 32
L 0 782 0 0.016173912 780 32
L 0 783 0 0.016178581 781 32
L 0 784 0 0.016183239 782 32
L 0 785 0 0.016187898 783 32
L 0 786 0 0.016192557 784 32
L 0 787 0 0.016197216 785 32
L 0 788 0 0.016201864 786 32
L 0 789 0 0.016206483 787 32
L 0 790 0 0.016211613 788 32
L 0 791 0 0.016216602 789 32
L 0 792 0 0.016221581 790 32
L 0 793 0 0.016226410 791 32
L 0 794 0 0.016231119 792 32
L 0 795 0 0.016235788 793 32
L 0 796 0 0.016240446 794 32
L 0 797 0 0.016245095 795 32
L 0 798 0 0.016249704 796 32
L 0 799 0 0.016254373 797 32
L 0 800 0 0.016259031 798 32
L 0 801 0 0.016263690 799 32
L 0 802 0 0.016268309 800 32
L 0 803 0 0.016272987 801 32
L 0 804 0 0.016277656 802 32
L 0 805 0 0.016282305 803 32
L 0 806 0 0.016287054 804 32
L 0 807 0 0.016291672 805 32
L 0 808 0 0.016296341 806 32
L 0 809 0 0.016301030 807 32
L 0 810 0 0.016305679 808 32
L 0 811 0 0.016310327 809 32
L 0 812 0 0.016314986 810 32
L 0 813 0 0.016319625 811 32
L 0 814 0 0.016324283 812 32
L 0 815 0 0.016328902 813 32
L 0 816 0 0.016333581 814 32
L 0 817 0 0.016338229 815 32
L 0 818 0 0.016342888 816 32
L 0 819 0 0.016347617 817 32
L 0 820 0 0.016352236 818 32
L 0 821 0 0.016356914 819 32
L 0 822 0 0.016361583 820 32
L 0 823 0 0.016366252 821 32
L 0 824 0 0.016370911 822 32
L 0 825 0 0.016375559 823 32
L 0 826 0 0.016380208 824 32
L 0 827 0 0.016384847 825 32
L 0 828 0 0.016389465 826 32
L 0 829 0 0.016394134 827 32
L 0 830 0 0.016398793 828 32
L 0 831 0 0.016403451 829 32
L 0 832 0 0.016408130 830 32
L 0 833 0 0.016412759 831 32
L 0 834 0 0.016417438 832 32
L 0 835 0 0.016422096 833 32
L 0 836 0 0.016426755 834 32
L 0 837 0 0.016431374 835 32
L 0 838 0 0.016436042 836 32
L 0 839 0 0.016440701 837 32
L 0 840 0 0.016445340 838 32
L 0 841 0 0.016449969 839 32
L 0 842 0 0.016454657 840 32
L 0 843 0 0.016459306 841 32
L 0 844 0 0.016463955 842 32
L 0 845 0 0.016468613 843 32
L 0 846 0 0.016473232 844 32
L 0 847 0 0.016477891 845 32
L 0 848 0 0.016482539 846 32
L 0 849 0 0.016487198 847 32
L 0 850 0 0.016491817 848 32
L 0 851 0 0.016496486 849 32
L 0 852 0 0.016501144 850 32
L 0 853 0 0.016505803 851 32
L 0 854 0 0.016510532 852 32
L 0 855 0 0.016515150 853 32
L 0 856 0 0.016519839 854 32
L 0 857 0 0.016535388 855 32
L 0 858 0 0.016540107 856 32
L 0 859 0 0.016544746 857 32
L 0 860 0 0.016549385 858 32
L 0 861 0 0.016553993 859 32
L 0 862 0 0.016558662 860 32
L 0 863 0 0.016563311 861 32
L 0 864 0 0.016567959 862 32
L 0 865 0 0.016572608 863 32
L 0 866 0 0.016577257 864 32
L 0 867 0 0.016581895 865 32
L 0 868 0 0.016591614 866 32
L 0 869 0 0.016596342 867 32
L 0 870 0 0.016600981 868 32
L 0 871 0 0.016605610 869 32
L 0 872 0 0.016676723 870 32
L 0 873 0 0.016683516 871 32
L 0 874 0 0.016687483 872 32
L 0 875 0 0.016691270 873 32
L 0 876 0 0.016694987 874 32
L 0 877 0 0.016698704 875 32
L 0 878 0 0.016702421 876 32
L 0 879 0 0.016706118 877 32
L 0 880 0 0.016709855 878 32
L 0 881 0 0.016713602 879 32
L 0 882 0 0.016717319 880 32
L 0 883 0 0.016721036 881 32
L 0 884 0 0.016724773 882 32
L 0 885 0 0.016728490 883 32
L 0 886 0 0.016732227 884 32
L 0 887 0 0.016735964 885 32
L 0 888 0 0.016739681 886 32
L 0 889 0 0.016743408 887 32
L 0 890 0 0.016747155 888 32
L 0 891 0 0.016750902 889 32
L 0 892 0 0.016754639 890 32
L 0 893 0 0.016758356 891 32
L 0 894 0 0.016762093 892 32
L 0 895 0 0.016765819 893 32
L 0 896 0 0.016769526 894 32
L 0 897 0 0.016773273 895 32
L 0 898 0 0.016777000 896 32
L 0 899 0 0.016780717 897 32
L 0 900 0 0.016784454 898 32
L 0 901 0 0.016788161 899 32
L 0 902 0 0.016791898 900 32
L 0 903 0 0.016795625 901 32
L 0 904 0 0.016799342 902 32
L 0 905 0 0.016803069 903 32
L 0 906 0 0.016806786 904 32
L 0 907 0 0.016810503 905 32
L 0 908 0 0.016814250 906 32
L 0 909 0 0.016817977 907 32
L 0 910 0 0.016821704 908 32
L 0 911 0 0.016825421 909 32
L 0 912 0 0.016829148 910 32
L 0 913 0 0.016832885 911 32
L 0 914 0 0.016836632 912 32
L 0 915 0 0.016840359 913 32
L 0 916 0 0.016844096 914 32
L 0 917 0 0.016847833 915 32
L 0 918 0 0.016851560 916 32
L 0 919 0 0.016855307 917 32
L 0 920 0 0.016859034 918 32
L 0 921 0 0.016862771 919 32
L 0 922 0 0.016866488 920 32
L 0 923 0 0.016870205 921 32
L 0 924 0 0.016873952 922 32
L 0 925 0 0.016877679 923 32
L 0 926 0 0.016881406 924 32
L 0 927 0 0.016885133 925 32
L 0 928 0 0.016888860 926 32
L 0 929 0 0.016892597 927 32
L 0 930 0 0.016896334 928 32
L 0 931 0 0.016900071 929 32
L 0 932 0 0.016903798 930 32
L 0 933 0 0.016907535 931 32
L 0 934 0 0.016911272 932 32
L 0 935 0 0.016914999 933 32
L 0 936 0 0.016918726 934 32
L 0 937 0 0.016922453 935 32
L 0 938 0 0.016926190 936 32
L 0 939 0 0.016929917 937 32
L 0 940 0 0.016933633 938 32
L 0 941 0 0.016937360 939 32
L 0 942 0 0.016941097 940 32
L 0 943 0 0.016944834 941 32
L 0 944 0 0.016948581 942 32
L 0 945 0 0.016952308 943 32
L 0 946 0 0.016956035 944 32
L 0 947 0 0.016959772 945 32
L 0 948 0 0.016963499 946 32
L 0 949 0 0.016967226 947 32
L 0 950 0 0.016971144 948 32
L 0 951 0 0.016974861 949 32
L 0 952 0 0.016978598 950 32
L 0 953 0 0.016982335 951 32
L 0 954 0 0.016986062 952 32
L 0 955 0 0.016989789 953 32
L 0 956 0 0.016993536 954 32
L 0 957 0 0.016997273 955 32
L 0 958 0 0.017001000 956 32
L 0 959 0 0.017004726 957 32
L 0 960 0 0.017008453 958 32
L 0 961 0 0.017012150 959 32
L 0 962 0 0.017015897 960 32
L 0 963 0 0.017019624 961 32
L 0 964 0 0.017023351 962 32
L 0 965 0 0.017027068 963 32
L 0 966 0 0.017030795 964 32
L 0 967 0 0.017034512 965 32
L 0 968 0 0.017038239 966 32
L 0 969 0 0.017041976 967 32
L 0 970 0 0.017045703 968 32
L 0 971 0 0.017049430 969 32
L 0 972 0 0.017053147 970 32
L 0 973 0 0.017056884 971 32
L 0 974 0 0.017060631 972 32
L 0 975 0 0.017064348 973 32
L 0 976 0 0.017068085 974 32
L 0 977 0 0.017071802 975 32
L 0 978 0 0.017075499 976 32
L 0 979 0 0.017079226 977 32
L 0 980 0 0.017082953 978 32
L 0 981 0 0.017086680 979 32
L 0 982 0 0.017090407 980 32
L 0 983 0 0.017094124 981 32
L 0 984 0 0.017097881 982 32
L 0 985 0 0.017101618 983 32
L 0 986 0 0.017105335 984 32
L 0 987 0 0.017109042 985 32
L 0 988 0 0.017112749 986 32
L 0 989 0 0.017116456 987 32
L 0 990 0 0.017120193 988 32
L 0 991 0 0.017123930 989 32
L 0 992 0 0.017127636 990 32
L 0 993 0 0.017131363 991 32
L 0 994 0 0.017135070 992 32
L 0 995 0 0.017138807 993 32
L 0 996 0 0.017142534 994 32
L 0 997 0 0.017146251 995 32
L 0 998 0 0.017159757 996 32
L 0 999 0 0.017163504 997 32
L 0 1000 0 0.017167241 998 32
L 0 1001 0 0.017171008 999 32
L 0 1002 1 0.017691131 0 32
L 0 1003 1 0.017703013 1 32
L 0 1004 1 0.017706960 2 32
L 0 1005 1 0.017710767 3 32
L 0 1006 1 0.017714595 4 32
L 0 1007 1 0.017718412 5 32
L 0 1008 1 0.017722179 6 32
L 0 1009 1 0.017725916 7 32
L 0 1010 1 0.017729673 8 32
L 0 1011 1 0.017733390 9 32
L 0 1012 1 0.017737177 10 32
L 0 1013 1 0.017741184 11 32
L 0 1014 1 0.017744971 12 32
L 0 1015 1 0.017748728 13 32
L 0 1016 1 0.017752476 14 32
L 0 1017 1 0.017756212 15 32
L 0 1018 1 0.017759949 16 32
L 0 1019 1 0.017763676 17 32
L 0 1020 1 0.017767413 18 32
L 0 1021 1 0.017771150 19 32
L 0 1022 1 0.017774887 20 32
L 0 1023 1 0.017778604 21 32
L 0 1024 1 0.017782341 22 32
L 0 1025 1 0.017786108 23 32
L 0 1026 1 0.017789835 24 32
L 0 1027 1 0.017793602 25 32
L 0 1028 1 0.017797359 26 32
L 0 1029 1 0.017801106 27 32
L 0 1030 1 0.017804843 28 32
L 0 1031 1 0.017808590 29 32
L 0 1032 1 0.017812327 30 32
L 0 1033 1 0.017816064 31 32
L 0 1034 1 0.017819791 32 32
L 0 1035 1 0.017823999 33 32
L 0 1036 1 0.017827746 34 32
L 0 1037 1 0.017831614 35 32
L 0 1038 1 0.017835391 36 32
L 0 1039 1 0.017839138 37 32
L 0 1040 1 0.017842875 38 32
L 0 1041 1 0.017846612 39 32
L 0 1042 1 0.017850359 40 32
L 0 1043 1 0.017854106 41 32
L 0 1044 1 0.017857833 42 32
L 0 1045 1 0.017861570 43 32
L 0 1046 1 0.017865317 44 32
L 0 1047 1 0.017869054 45 32
L 0 1048 1 0.017872791 46 32
L 0 1049 1 0.017876538 47 32
L 0 1050 1 0.017880275 48 32
L 0 1051 1 0.017884012 49 32
L 0 1052 1 0.017887759 50 32
L 0 1053 1 0.017891506 51 32
L 0 1054 1 0.017895253 52 32
L 0 1055 1 0.017899000 53 32
L 0 1056 1 0.017902757 54 32
L 0 1057 1 0.017906494 55 32
L 0 1058 1 0.017910882 56 32
L 0 1059 1 0.017914909 57 32
L 0 1060 1 0.017918897 58 32
L 0 1061 1 0.017922874 59 32
L 0 1062 1 0.017926862 60 32
L 0 1063 1 0.017930849 61 32
L 0 1064 1 0.017934837 62 32
L 0 1065 1 0.017938814 63 32
L 0 1066 1 0.017942792 64 32
L 0 1067 1 0.017946709 65 32
L 0 1068 1 0.017950466 66 32
L 0 1069 1 0.017954193 67 32
L 0 1070 1 0.017957950 68 32
L 0 1071 1 0.017961697 69 32
L 0 1072 1 0.017965444 70 32
L 0 1073 1 0.017969191 71 32
L 0 1074 1 0.017972938 72 32
L 0 1075 1 0.017976675 73 32
L 0 1076 1 0.017980432 74 32
L 0 1077 1 0.017984179 75 32
L 0 1078 1 0.017987936 76 32
L 0 1079 1 0.017991683 77 32
L 0 1080 1 0.017995430 78 32
L 0 1081 1 0.017999167 79 32
L 0 1082 1 0.018002884 80 32
L 0 1083 1 0.018006631 81 32
L 0 1084 1 0.018010368 82 32
L 0 1085 1 0.018014115 83 32
L 0 1086 1 0.018017862 84 32
L 0 1087 1 0.018021619 85 32
L 0 1088 1 0.018025376 86 32
L 0 1089 1 0.018036427 87 32
L 0 1090 1 0.018040344 88 32
L 0 1091 1 0.018044091 89 32
L 0 1092 1 0.018047838 90 32
L 0 1093 1 0.018051585 91 32
L 0 1094 1 0.018055342 92 32
L 0 1095 1 0.018059099 93 32
L 0 1096 1 0.018062836 94 32
L 0 1097 1 0.018066583 95 32
L 0 1098 1 0.018070320 96 32
L 0 1099 1 0.018074057 97 32
L 0 1100 1 0.018077774 98 32
L 0 1101 1 0.018081521 99 32
L 0 1102 1 0.018085268 100 32
L 0 1103 1 0.018089085 101 32
L 0 1104 1 0.018092842 102 32
L 0 1105 1 0.018096609 103 32
L 0 1106 1 0.018100356 104 32
L 0 1107 1 0.018104103 105 32
L 0 1108 1 0.018107840 106 32
L 0 1109 1 0.018111577 107 32
L 0 1110 1 0.018115324 108 32
L 0 1111 1 0.018119071 109 32
L 0 1112 1 0.018122808 110 32
L 0 1113 1 0.018126575 111 32
L 0 1114 1 0.018130322 112 32
L 0 1115 1 0.018134079 113 32
L 0 1116 1 0.018137816 114 32
L 0 1117 1 0.018141553 115 32
L 0 1118 1 0.018145300 116 32
L 0 1119 1 0.018149037 117 32
L 0 1120 1 0.018152774 118 32
L 0 1121 1 0.018156521 119 32
L 0 1122 1 0.018160389 120 32
L 0 1123 1 0.018164146 121 32
L 0 1124 1 0.018167913 122 32
L 0 1125 1 0.018171650 123 32
L 0 1126 1 0.018175407 124 32
L 0 1127 1 0.018179154 125 32
L 0 1128 1 0.018182901 126 32
L 0 1129 1 0.018186658 127 32
L 0 1130 1 0.018190405 128 32
L 0 1131 1 0.018194162 129 32
L 0 1132 1 0.018197899 130 32
L 0 1133 1 0.018201636 131 32
L 0 1134 1 0.018205373 132 32
L 0 1135 1 0.018209110 133 32
L 0 1136 1 0.018212857 134 32
L 0 1137 1 0.018216594 135 32
L 0 1138 1 0.018226402 136 32
L 0 1139 1 0.018230279 137 32
L 0 1140 1 0.018234047 138 32
L 0 1141 1 0.018237804 139 32
L 0 1142 1 0.018241571 140 32
L 0 1143 1 0.018245338 141 32
L 0 1144 1 0.018249085 142 32
L 0 1145 1 0.018252832 143 32
L 0 1146 1 0.018256579 144 32
L 0 1147 1 0.018260336 145 32
L 0 1148 1 0.018347178 146 32
L 0 1149 1 0.018358159 147 32
L 0 1150 1 0.018362086 148 32
L 0 1151 1 0.018365843 149 32
L 0 1152 1 0.018369550 150 32
L 0 1153 1 0.018373287 151 32
L 0 1154 1 0.018376994 152 32
L 0 1155 1 0.018380711 153 32
L 0 1156 1 0.018384428 154 32
L 0 1157 1 0.018388145 155 32
L 0 1158 1 0.018391872 156 32
L 0 1159 1 0.018395589 157 32
L 0 1160 1 0.018399306 158 32
L 0 1161 1 0.018403033 159 32
L 0 1162 1 0.018406760 160 32
L 0 1163 1 0.018410477 161 32
L 0 1164 1 0.018414194 162 32
L 0 1165 1 0.018417900 163 32
L 0 1166 1 0.018421617 164 32
L 0 1167 1 0.018425344 165 32
L 0 1168 1 0.018429051 166 32
L 0 1169 1 0.018432778 167 32
L 0 1170 1 0.018436485 168 32
L 0 1171 1 0.018440212 169 32
L 0 1172 1 0.018443929 170 32
L 0 1173 1 0.018447616 171 32
L 0 1174 1 0.018451343 172 32
L 0 1175 1 0.018455050 173 32
L 0 1176 1 0.018458757 174 32
L 0 1177 1 0.018462464 175 32
L 0 1178 1 0.018466161 176 32
L 0 1179 1 0.018469888 177 32
L 0 1180 1 0.018474577 178 32
L 0 1181 1 0.018479556 179 32
L 0 1182 1 0.018484886 180 32
L 0 1183 1 0.018492610 181 32
L 0 1184 1 0.018502529 182 32
L 0 1185 1 0.018508089 183 32
L 0 1186 1 0.018513149 184 32
L 0 1187 1 0.018517607 185 32
L 0 1188 1 0.018521605 186 32
L 0 1189 1 0.018525321 187 32
L 0 1190 1 0.018529089 188 32
L 0 1191 1 0.018532785 189 32
L 0 1192 1 0.018536603 190 32
L 0 1193 1 0.018540320 191 32
L 0 1194 1 0.018544036 192 32
L 0 1195 1 0.018547763 193 32
L 0 1196 1 0.018551460 194 32
L 0 1197 1 0.018555157 195 32
L 0 1198 1 0.018558854 196 32
L 0 1199 1 0.018562551 197 32
L 0 1200 1 0.018566278 198 32
L 0 1201 1 0.018569975 199 32
L 0 1202 1 0.018573682 200 32
L 0 1203 1 0.018577379 201 32
L 0 1204 1 0.018581096 202 32
L 0 1205 1 0.018584793 203 32
L 0 1206 1 0.018588520 204 32
L 0 1207 1 0.018592217 205 32
L 0 1208 1 0.018595914 206 32
L 0 1209 1 0.018599610 207 32
L 0 1210 1 0.018603327 208 32
L 0 1211 1 0.018607024 209 32
L 0 1212 1 0.018610731 210 32
L 0 1213 1 0.018614418 211 32
L 0 1214 1 0.018618486 212 32
L 0 1215 1 0.018622193 213 32
L 0 1216 1 0.018625930 214 32
L 0 1217 1 0.018629667 215 32
L 0 1218 1 0.018633374 216 32
L 0 1219 1 0.018637081 217 32
L 0 1220 1 0.018640788 218 32
L 0 1221 1 0.018644484 219 32
L 0 1222 1 0.018648191 220 32
L 0 1223 1 0.018651888 221 32
L 0 1224 1 0.018655615 222 32
L 0 1225 1 0.018659312 223 32
L 0 1226 1 0.018663009 224 32
L 0 1227 1 0.018666716 225 32
L 0 1228 1 0.018670413 226 32
L 0 1229 1 0.018674120 227 32
L 0 1230 1 0.018677827 228 32
L 0 1231 1 0.018681524 229 32
L 0 1232 1 0.018685231 230 32
L 0 1233 1 0.018689048 231 32
L 0 1234 1 0.018692755 232 32
L 0 1235 1 0.018696482 233 32
L 0 1236 1 0.018700189 234 32
L 0 1237 1 0.018703906 235 32
L 0 1238 1 0.018707613 236 32
L 0 1239 1 0.018711309 237 32
L 0 1240 1 0.018715006 238 32
L 0 1241 1 0.018718713 239 32
L 0 1242 1 0.018722420 240 32
L 0 1243 1 0.018726127 241 32
L 0 1244 1 0.018729824 242 32
L 0 1245 1 0.018733521 243 32
L 0 1246 1 0.018737228 244 32
L 0 1247 1 0.018740965 245 32
L 0 1248 1 0.018744672 246 32
L 0 1249 1 0.018748379 247 32
L 0 1250 1 0.018752086 248 32
L 0 1251 1 0.018755803 249 32
L 0 1252 1 0.018759600 250 32
L 0 1253 1 0.018763287 251 32
L 0 1254 1 0.018767034 252 32
L 0 1255 1 0.018770761 253 32
L 0 1256 1 0.018774478 254 32
L 0 1257 1 0.018778185 255 32
L 0 1258 1 0.018781892 256 32
L 0 1259 1 0.018785608 257 32
L 0 1260 1 0.018789315 258 32
L 0 1261 1 0.018793022 259 32
L 0 1262 1 0.018796739 260 32
L 0 1263 1 0.018800456 261 32
L 0 1264 1 0.018804163 262 32
L 0 1265 1 0.018807870 263 32
L 0 1266 1 0.018811587 264 32
L 0 1267 1 0.018815294 265 32
L 0 1268 1 0.018819001 266 32
L 0 1269 1 0.018822698 267 32
L 0 1270 1 0.018826405 268 32
L 0 1271 1 0.018830122 269 32
L 0 1272 1 0.018833849 270 32
L 0 1273 1 0.018837576 271 32
L 0 1274 1 0.018841293 272 32
L 0 1275 1 0.018859998 273 32
L 0 1276 1 0.018863775 274 32
L 0 1277 1 0.018867542 275 32
L 0 1278 1 0.018871259 276 32
L 0 1279 1 0.018874986 277 32
L 0 1280 1 0.018878703 278 32
L 0 1281 1 0.018882430 279 32
L 0 1282 1 0.018886157 280 32
L 0 1283 1 0.018889874 281 32
L 0 1284 1 0.018893601 282 32
L 0 1285 1 0.018897327 283 32
L 0 1286 1 0.018901054 284 32
L 0 1287 1 0.018904781 285 32
L 0 1288 1 0.018908498 286 32
L 0 1289 1 0.018912225 287 32
L 0 1290 1 0.018916002 288 32
L 0 1291 1 0.018919729 289 32
L 0 1292 1 0.018923456 290 32
L 0 1293 1 0.018927183 291 32
L 0 1294 1 0.018930910 292 32
L 0 1295 1 0.018935289 293 32
L 0 1296 1 0.018940328 294 32
L 0 1297 1 0.018945387 295 32
L 0 1298 1 0.018949976 296 32
L 0 1299 1 0.018955777 297 32
L 0 1300 1 0.018961267 298 32
L 0 1301 1 0.018966166 299 32
L 0 1302 1 0.018971346 300 32
L 0 1303 1 0.018976245 301 32
L 0 1304 1 0.018981665 302 32
L 0 1305 1 0.018994399 303 32
L 0 1306 1 0.019000110 304 32
L 0 1307 1 0.019005400 305 32
L 0 1308 1 0.019009658 306 32
L 0 1309 1 0.019013625 307 32
L 0 1310 1 0.019017663 308 32
L 0 1311 1 0.019021370 309 32
L 0 1312 1 0.019025127 310 32
L 0 1313 1 0.019028864 311 32
L 0 1314 1 0.019032571 312 32
L 0 1315 1 0.019036308 313 32
L 0 1316 1 0.019040045 314 32
L 0 1317 1 0.019043771 315 32
L 0 1318 1 0.019047498 316 32
L 0 1319 1 0.019051987 317 32
L 0 1320 1 0.019055734 318 32
L 0 1321 1 0.019059501 319 32
L 0 1322 1 0.019063258 320 32
L 0 1323 1 0.019066985 321 32
L 0 1324 1 0.019070722 322 32
L 0 1325 1 0.019074459 323 32
L 0 1326 1 0.019078196 324 32
L 0 1327 1 0.019081933 325 32
L 0 1328 1 0.019085680 326 32
L 0 1329 1 0.019089427 327 32
L 0 1330 1 0.019093174 328 32
L 0 1331 1 0.019096911 329 32
L 0 1332 1 0.019100658 330 32
L 0 1333 1 0.019104395 331 32
L 0 1334 1 0.019108152 332 32
L 0 1335 1 0.019111889 333 32
L 0 1336 1 0.019115636 334 32
L 0 1337 1 0.019119373 335 32
L 0 1338 1 0.019123110 336 32
L 0 1339 1 0.019126827 337 32
L 0 1340 1 0.019130584 338 32
L 0 1341 1 0.019134321 339 32
L 0 1342 1 0.019138058 340 32
L 0 1343 1 0.019141795 341 32
L 0 1344 1 0.019145532 342 32
L 0 1345 1 0.019149269 343 32
L 0 1346 1 0.019152996 344 32
L 0 1347 1 0.019156733 345 32
L 0 1348 1 0.019160730 346 32
L 0 1349 1 0.019164467 347 32
L 0 1350 1 0.019168234 348 32
L 0 1351 1 0.019171981 349 32
L 0 1352 1 0.019175708 350 32
L 0 1353 1 0.019179425 351 32
L 0 1354 1 0.019183162 352 32
L 0 1355 1 0.019186879 353 32
L 0 1356 1 0.019190596 354 32
L 0 1357 1 0.019194323 355 32
L 0 1358 1 0.019198060 356 32
L 0 1359 1 0.019201787 357 32
L 0 1360 1 0.019205524 358 32
L 0 1361 1 0.019209271 359 32
L 0 1362 1 0.019212988 360 32
L 0 1363 1 0.019216705 361 32
L 0 1364 1 0.019220442 362 32
L 0 1365 1 0.019224179 363 32
L 0 1366 1 0.019227916 364 32
L 0 1367 1 0.019231803 365 32
L 0 1368 1 0.019235520 366 32
L 0 1369 1 0.019239287 367 32
L 0 1370 1 0.019243014 368 32
L 0 1371 1 0.019246741 369 32
L 0 1372 1 0.019250458 370 32
L 0 1373 1 0.019254185 371 32
L 0 1374 1 0.019257912 372 32
L 0 1375 1 0.019261639 373 32
L 0 1376 1 0.019265376 374 32
L 0 1377 1 0.019269133 375 32
L 0 1378 1 0.019272870 376 32
L 0 1379 1 0.019276597 377 32
L 0 1380 1 0.019280324 378 32
L 0 1381 1 0.019284071 379 32
L 0 1382 1 0.019287798 380 32
L 0 1383 1 0.019293018 381 32
L 0 1384 1 0.019298107 382 32
L 0 1385 1 0.019302836 383 32
L 0 1386 1 0.019307775 384 32
L 0 1387 1 0.019312454 385 32
L 0 1388 1 0.019318756 386 32
L 0 1389 1 0.019324186 387 32
L 0 1390 1 0.019329456 388 32
L 0 1391 1 0.019334566 389 32
L 0 1392 1 0.019339324 390 32
L 0 1393 1 0.019344354 391 32
L 0 1394 1 0.019349243 392 32
L 0 1395 1 0.019355224 393 32
L 0 1396 1 0.019359673 394 32
L 0 1397 1 0.019363440 395 32
L 0 1398 1 0.019367177 396 32
L 0 1399 1 0.019372026 397 32
L 0 1400 1 0.019377055 398 32
L 0 1401 1 0.019391202 399 32
L 0 1402 1 0.019399577 400 32
L 0 1403 1 0.019405007 401 32
L 0 1404 1 0.019409606 402 32
L 0 1405 1 0.019414555 403 32
L 0 1406 1 0.019420546 404 32
L 0 1407 1 0.019425145 405 32
L 0 1408 1 0.019433090 406 32
L 0 1409 1 0.019438250 407 32
L 0 1410 1 0.019443239 408 32
L 0 1411 1 0.019467474 409 32
L 0 1412 1 0.019472413 410 32
L 0 1413 1 0.019477192 411 32
L 0 1414 1 0.019481981 412 32
L 0 1415 1 0.019486560 413 32
L 0 1416 1 0.019491489 414 32
L 0 1417 1 0.019496448 415 32
L 0 1418 1 0.019501277 416 32
L 0 1419 1 0.019505886 417 32
L 0 1420 1 0.019510655 418 32
L 0 1421 1 0.019515704 419 32
L 0 1422 1 0.019521044 420 32
L 0 1423 1 0.019526064 421 32
L 0 1424 1 0.019530803 422 32
L 0 1425 1 0.019535532 423 32
L 0 1426 1 0.019541483 424 32
L 0 1427 1 0.019546512 425 32
L 0 1428 1 0.019552143 426 32
L 0 1429 1 0.019557362 427 32
L 0 1430 1 0.019562382 428 32
L 0 1431 1 0.019567672 429 32
L 0 1432 1 0.019572240 430 32
L 0 1433 1 0.019577069 431 32
L 0 1434 1 0.019581868 432 32
L 0 1435 1 0.019586597 433 32
L 0 1436 1 0.019591356 434 32
L 0 1437 1 0.019596506 435 32
L 0 1438 1 0.019601836 436 32
L 0 1439 1 0.019606725 437 32
L 0 1440 1 0.019612115 438 32
L 0 1441 1 0.019616944 439 32
L 0 1442 1 0.019622214 440 32
L 0 1443 1 0.019627013 441 32
L 0 1444 1 0.019630990 442 32
L 0 1445 1 0.019635038 443 32
L 0 1446 1 0.019638765 444 32
L 0 1447 1 0.019642492 445 32
L 0 1448 1 0.019646219 446 32
L 0 1449 1 0.019649926 447 32
L 0 1450 1 0.019653643 448 32
L 0 1451 1 0.019657339 449 32
L 0 1452 1 0.019661036 450 32
L 0 1453 1 0.019664733 451 32
L 0 1454 1 0.019669292 452 32
L 0 1455 1 0.019674732 453 32
L 0 1456 1 0.019683148 454 32
L 0 1457 1 0.019694098 455 32
L 0 1458 1 0.019699108 456 32
L 0 1459 1 0.019703766 457 32
L 0 1460 1 0.019709327 458 32
L 0 1461 1 0.019714837 459 32
L 0 1462 1 0.019720037 460 32
L 0 1463 1 0.019724916 461 32
L 0 1464 1 0.019729705 462 32
L 0 1465 1 0.019735195 463 32
L 0 1466 1 0.019739623 464 32
L 0 1467 1 0.019743581 465 32
L 0 1468 1 0.019747598 466 32
L 0 1469 1 0.019751295 467 32
L 0 1470 1 0.019755002 468 32
L 0 1471 1 0.019758699 469 32
L 0 1472 1 0.019762386 470 32
L 0 1473 1 0.019766093 471 32
L 0 1474 1 0.019769790 472 32
L 0 1475 1 0.019773507 473 32
L 0 1476 1 0.019777194 474 32
L 0 1477 1 0.019780891 475 32
L 0 1478 1 0.019784588 476 32
L 0 1479 1 0.019788284 477 32
L 0 1480 1 0.019793083 478 32
L 0 1481 1 0.019798273 479 32
L 0 1482 1 0.019807520 480 32
L 0 1483 1 0.019816627 481 32
L 0 1484 1 0.019821547 482 32
L 0 1485 1 0.019826476 483 32
L 0 1486 1 0.019831756 484 32
L 0 1487 1 0.019835894 485 32
L 0 1488 1 0.019839621 486 32
L 0 1489 1 0.019843337 487 32
L 0 1490 1 0.019847054 488 32
L 0 1491 1 0.019850771 489 32
L 0 1492 1 0.019854488 490 32
L 0 1493 1 0.019858205 491 32
L 0 1494 1 0.019861922 492 32
L 0 1495 1 0.019865639 493 32
L 0 1496 1 0.019869356 494 32
L 0 1497 1 0.019873073 495 32
L 0 1498 1 0.019876790 496 32
L 0 1499 1 0.019880517 497 32
L 0 1500 1 0.019884284 498 32
L 0 1501 1 0.019888001 499 32
L 0 1502 1 0.019891718 500 32
L 0 1503 1 0.019895435 501 32
L 0 1504 1 0.019899142 502 32
L 0 1505 1 0.019902869 503 32
L 0 1506 1 0.019906576 504 32
L 0 1507 1 0.019910293 505 32
L 0 1508 1 0.019914010 506 32
L 0 1509 1 0.019917697 507 32
L 0 1510 1 0.019921414 508 32
L 0 1511 1 0.019925130 509 32
L 0 1512 1 0.019928847 510 32
L 0 1513 1 0.019932574 511 32
L 0 1514 1 0.019936281 512 32
L 0 1515 1 0.019939998 513 32
L 0 1516 1 0.019943715 514 32
L 0 1517 1 0.019947402 515 32
L 0 1518 1 0.019951099 516 32
L 0 1519 1 0.019954816 517 32
L 0 1520 1 0.019958523 518 32
L 0 1521 1 0.019975374 519 32
L 0 1522 1 0.019979272 520 32
L 0 1523 1 0.019982999 521 32
L 0 1524 1 0.019986726 522 32
L 0 1525 1 0.019990443 523 32
L 0 1526 1 0.020258374 524 32
L 0 1527 1 0.020270316 525 32
L 0 1528 1 0.020274204 526 32
L 0 1529 1 0.020277971 527 32
L 0 1530 1 0.020281708 528 32
L 0 1531 1 0.020285445 529 32
L 0 1532 1 0.020289202 530 32
L 0 1533 1 0.020293169 531 32
L 0 1534 1 0.020296916 532 32
L 0 1535 1 0.020300954 533 32
L 0 1536 1 0.020304701 534 32
L 0 1537 1 0.020308418 535 32
L 0 1538 1 0.020312135 536 32
L 0 1539 1 0.020315852 537 32
L 0 1540 1 0.020319548 538 32
L 0 1541 1 0.020323245 539 32
L 0 1542 1 0.020326932 540 32
L 0 1543 1 0.020330629 541 32
L 0 1544 1 0.020334326 542 32
L 0 1545 1 0.020338063 543 32
L 0 1546 1 0.020341760 544 32
L 0 1547 1 0.020345467 545 32
L 0 1548 1 0.020362859 546 32
L 0 1549 1 0.020366757 547 32
L 0 1550 1 0.020370464 548 32
L 0 1551 1 0.020374211 549 32
L 0 1552 1 0.020377948 550 32
L 0 1553 1 0.020381685 551 32
L 0 1554 1 0.020385522 552 32
L 0 1555 1 0.020389249 553 32
L 0 1556 1 0.020392976 554 32
L 0 1557 1 0.020396703 555 32
L 0 1558 1 0.020400500 556 32
L 0 1559 1 0.020404227 557 32
L 0 1560 1 0.020407954 558 32
L 0 1561 1 0.020411681 559 32
L 0 1562 1 0.020415398 560 32
L 0 1563 1 0.020419125 561 32
L 0 1564 1 0.020422852 562 32
L 0 1565 1 0.020426569 563 32
L 0 1566 1 0.020430296 564 32
L 0 1567 1 0.020434023 565 32
L 0 1568 1 0.020437820 566 32
L 0 1569 1 0.020441547 567 32
L 0 1570 1 0.020445274 568 32
L 0 1571 1 0.020449001 569 32
L 0 1572 1 0.020453188 570 32
L 0 1573 1 0.020456925 571 32
L 0 1574 1 0.020460642 572 32
L 0 1575 1 0.020464379 573 32
L 0 1576 1 0.020468136 574 32
L 0 1577 1 0.020471873 575 32
L 0 1578 1 0.020475600 576 32
L 0 1579 1 0.020479297 577 32
L 0 1580 1 0.020483044 578 32
L 0 1581 1 0.020486771 579 32
L 0 1582 1 0.020490508 580 32
L 0 1583 1 0.020494245 581 32
L 0 1584 1 0.020497982 582 32
L 0 1585 1 0.020501709 583 32
L 0 1586 1 0.020505436 584 32
L 0 1587 1 0.020509193 585 32
L 0 1588 1 0.020512930 586 32
L 0 1589 1 0.020516657 587 32
L 0 1590 1 0.020520394 588 32
L 0 1591 1 0.020524121 589 32
L 0 1592 1 0.020527838 590 32
L 0 1593 1 0.020531555 591 32
L 0 1594 1 0.020535272 592 32
L 0 1595 1 0.020539270 593 32
L 0 1596 1 0.020542986 594 32
L 0 1597 1 0.020546764 595 32
L 0 1598 1 0.020550501 596 32
L 0 1599 1 0.020554228 597 32
L 0 1600 1 0.020557954 598 32
L 0 1601 1 0.020561691 599 32
L 0 1602 1 0.020565418 600 32
L 0 1603 1 0.020569155 601 32
L 0 1604 1 0.020572892 602 32
L 0 1605 1 0.020576619 603 32
L 0 1606 1 0.020580356 604 32
L 0 1607 1 0.020584093 605 32
L 0 1608 1 0.020587830 606 32
L 0 1609 1 0.020591577 607 32
L 0 1610 1 0.020595314 608 32
L 0 1611 1 0.020599041 609 32
L 0 1612 1 0.020602758 610 32
L 0 1613 1 0.020606515 611 32
L 0 1614 1 0.020610242 612 32
L 0 1615 1 0.020613969 613 32
L 0 1616 1 0.020617686 614 32
L 0 1617 1 0.020621413 615 32
L 0 1618 1 0.020625120 616 32
L 0 1619 1 0.020628867 617 32
L 0 1620 1 0.020632574 618 32
L 0 1621 1 0.020636321 619 32
L 0 1622 1 0.020640058 620 32
L 0 1623 1 0.020643815 621 32
L 0 1624 1 0.020647542 622 32
L 0 1625 1 0.020651279 623 32
L 0 1626 1 0.020655016 624 32
L 0 1627 1 0.020658753 625 32
L 0 1628 1 0.020663302 626 32
L 0 1629 1 0.020668081 627 32
L 0 1630 1 0.020673030 628 32
L 0 1631 1 0.020677999 629 32
L 0 1632 1 0.020683309 630 32
L 0 1633 1 0.020687777 631 32
L 0 1634 1 0.020692887 632 32
L 0 1635 1 0.020697656 633 32
L 0 1636 1 0.020702966 634 32
L 0 1637 1 0.020707805 635 32
L 0 1638 1 0.020711832 636 32
L 0 1639 1 0.020716401 637 32
L 0 1640 1 0.020723985 638 32
L 0 1641 1 0.020734745 639 32
L 0 1642 1 0.020741818 640 32
L 0 1643 1 0.020746708 641 32
L 0 1644 1 0.020752018 642 32
L 0 1645 1 0.020756496 643 32
L 0 1646 1 0.020760253 644 32
L 0 1647 1 0.020763960 645 32
L 0 1648 1 0.020767687 646 32
L 0 1649 1 0.020771384 647 32
L 0 1650 1 0.020775081 648 32
L 0 1651 1 0.020778788 649 32
L 0 1652 1 0.020782495 650 32
L 0 1653 1 0.020786212 651 32
L 0 1654 1 0.020789949 652 32
L 0 1655 1 0.020793665 653 32
L 0 1656 1 0.020797372 654 32
L 0 1657 1 0.020801089 655 32
L 0 1658 1 0.020804786 656 32
L 0 1659 1 0.020808493 657 32
L 0 1660 1 0.020812180 658 32
L 0 1661 1 0.020815887 659 32
L 0 1662 1 0.020819614 660 32
L 0 1663 1 0.020823331 661 32
L 0 1664 1 0.020827028 662 32
L 0 1665 1 0.020830755 663 32
L 0 1666 1 0.020834462 664 32
L 0 1667 1 0.020838179 665 32
L 0 1668 1 0.020841876 666 32
L 0 1669 1 0.020845903 667 32
L 0 1670 1 0.020849610 668 32
L 0 1671 1 0.020853347 669 32
L 0 1672 1 0.020857084 670 32
L 0 1673 1 0.020861673 671 32
L 0 1674 1 0.020866882 672 32
L 0 1675 1 0.020871621 673 32
L 0 1676 1 0.020876440 674 32
L 0 1677 1 0.020881199 675 32
L 0 1678 1 0.020886449 676 32
L 0 1679 1 0.020891228 677 32
L 0 1680 1 0.020895366 678 32
L 0 1681 1 0.020899093 679 32
L 0 1682 1 0.020902870 680 32
L 0 1683 1 0.020906627 681 32
L 0 1684 1 0.020919681 682 32
L 0 1685 1 0.020923498 683 32
L 0 1686 1 0.020927245 684 32
L 0 1687 1 0.020930982 685 32
L 0 1688 1 0.020934719 686 32
L 0 1689 1 0.020938456 687 32
L 0 1690 1 0.020942203 688 32
L 0 1691 1 0.020945940 689 32
L 0 1692 1 0.020949697 690 32
L 0 1693 1 0.020953434 691 32
L 0 1694 1 0.020957181 692 32
L 0 1695 1 0.020960918 693 32
L 0 1696 1 0.020964665 694 32
L 0 1697 1 0.020968402 695 32
L 0 1698 1 0.020972159 696 32
L 0 1699 1 0.020975896 697 32
L 0 1700 1 0.020979633 698 32
L 0 1701 1 0.020983370 699 32
L 0 1702 1 0.020987117 700 32
L 0 1703 1 0.020990864 701 32
L 0 1704 1 0.020994611 702 32
L 0 1705 1 0.020998709 703 32
L 0 1706 1 0.021002456 704 32
L 0 1707 1 0.021006233 705 32
L 0 1708 1 0.021009980 706 32
L 0 1709 1 0.021013727 707 32
L 0 1710 1 0.021017484 708 32
L 0 1711 1 0.021021221 709 32
L 0 1712 1 0.021024978 710 32
L 0 1713 1 0.021028735 711 32
L 0 1714 1 0.021032492 712 32
L 0 1715 1 0.021036259 713 32
L 0 1716 1 0.021040016 714 32
L 0 1717 1 0.021043753 715 32
L 0 1718 1 0.021047510 716 32
L 0 1719 1 0.021051267 717 32
L 0 1720 1 0.021055024 718 32
L 0 1721 1 0.021058782 719 32
L 0 1722 1 0.021062519 720 32
L 0 1723 1 0.021066286 721 32
L 0 1724 1 0.021070023 722 32
L 0 1725 1 0.021073770 723 32
L 0 1726 1 0.021077517 724 32
L 0 1727 1 0.021081254 725 32
L 0 1728 1 0.021085011 726 32
L 0 1729 1 0.021088758 727 32
L 0 1730 1 0.021092495 728 32
L 0 1731 1 0.021096272 729 32
L 0 1732 1 0.021100009 730 32
L 0 1733 1 0.021103746 731 32
L 0 1734 1 0.021107503 732 32
L 0 1735 1 0.021111250 733 32
L 0 1736 1 0.021119295 734 32
L 0 1737 1 0.021123132 735 32
L 0 1738 1 0.021126889 736 32
L 0 1739 1 0.021130646 737 32
L 0 1740 1 0.021134403 738 32
L 0 1741 1 0.021138160 739 32
L 0 1742 1 0.021141917 740 32
L 0 1743 1 0.021145674 741 32
L 0 1744 1 0.021149441 742 32
L 0 1745 1 0.021153188 743 32
L 0 1746 1 0.021156955 744 32
L 0 1747 1 0.021160712 745 32
L 0 1748 1 0.021164449 746 32
L 0 1749 1 0.021168206 747 32
L 0 1750 1 0.021171963 748 32
L 0 1751 1 0.021175720 749 32
L 0 1752 1 0.021179487 750 32
L 0 1753 1 0.021183254 751 32
L 0 1754 1 0.021187021 752 32
L 0 1755 1 0.021190778 753 32
L 0 1756 1 0.021194536 754 32
L 0 1757 1 0.021198262 755 32
L 0 1758 1 0.021202009 756 32
L 0 1759 1 0.021205757 757 32
L 0 1760 1 0.021209504 758 32
L 0 1761 1 0.021213361 759 32
L 0 1762 1 0.021217088 760 32
L 0 1763 1 0.021220845 761 32
L 0 1764 1 0.021224592 762 32
L 0 1765 1 0.021228329 763 32
L 0 1766 1 0.021232086 764 32
L 0 1767 1 0.021235843 765 32
L 0 1768 1 0.021239590 766 32
L 0 1769 1 0.021243347 767 32
L 0 1770 1 0.021247104 768 32
L 0 1771 1 0.021250851 769 32
L 0 1772 1 0.021254588 770 32
L 0 1773 1 0.021258325 771 32
L 0 1774 1 0.021262092 772 32
L 0 1775 1 0.021265849 773 32
L 0 1776 1 0.021269606 774 32
L 0 1777 1 0.021273563 775 32
L 0 1778 1 0.021277280 776 32
L 0 1779 1 0.021281057 777 32
L 0 1780 1 0.021284804 778 32
L 0 1781 1 0.021288561 779 32
L 0 1782 1 0.021292399 780 32
L 0 1783 1 0.021296156 781 32
L 0 1784 1 0.021299913 782 32
L 0 1785 1 0.021303670 783 32
L 0 1786 1 0.021307417 784 32
L 0 1787 1 0.021311174 785 32
L 0 1788 1 0.021387196 786 32
L 0 1789 1 0.021397395 787 32
L 0 1790 1 0.021401292 788 32
L 0 1791 1 0.021405059 789 32
L 0 1792 1 0.021408977 790 32
L 0 1793 1 0.021412724 791 32
L 0 1794 1 0.021416471 792 32
L 0 1795 1 0.021420208 793 32
L 0 1796 1 0.021423935 794 32
L 0 1797 1 0.021427662 795 32
L 0 1798 1 0.021431389 796 32
L 0 1799 1 0.021435126 797 32
L 0 1800 1 0.021438863 798 32
L 0 1801 1 0.021442600 799 32
L 0 1802 1 0.021446327 800 32
L 0 1803 1 0.021450074 801 32
L 0 1804 1 0.021453801 802 32
L 0 1805 1 0.021457528 803 32
L 0 1806 1 0.021461265 804 32
L 0 1807 1 0.021465002 805 32
L 0 1808 1 0.021468739 806 32
L 0 1809 1 0.021472486 807 32
L 0 1810 1 0.021476223 808 32
L 0 1811 1 0.021479950 809 32
L 0 1812 1 0.021483676 810 32
L 0 1813 1 0.021487403 811 32
L 0 1814 1 0.021491160 812 32
L 0 1815 1 0.021494887 813 32
L 0 1816 1 0.021498634 814 32
L 0 1817 1 0.021502361 815 32
L 0 1818 1 0.021506078 816 32
L 0 1819 1 0.021509815 817 32
L 0 1820 1 0.021513542 818 32
L 0 1821 1 0.021526406 819 32
L 0 1822 1 0.021530224 820 32
L 0 1823 1 0.021533991 821 32
L 0 1824 1 0.021537748 822 32
L 0 1825 1 0.021557655 823 32
L 0 1826 1 0.021567924 824 32
L 0 1827 1 0.021571882 825 32
L 0 1828 1 0.021575619 826 32
L 0 1829 1 0.021579345 827 32
L 0 1830 1 0.021583123 828 32
L 0 1831 1 0.021586850 829 32
L 0 1832 1 0.021590587 830 32
L 0 1833 1 0.021594313 831 32
L 0 1834 1 0.021598030 832 32
L 0 1835 1 0.021601767 833 32
L 0 1836 1 0.021605484 834 32
L 0 1837 1 0.021609191 835 32
L 0 1838 1 0.021612908 836 32
L 0 1839 1 0.021616655 837 32
L 0 1840 1 0.021620392 838 32
L 0 1841 1 0.021624099 839 32
L 0 1842 1 0.021627806 840 32
L 0 1843 1 0.021631533 841 32
L 0 1844 1 0.021635260 842 32
L 0 1845 1 0.021638977 843 32
L 0 1846 1 0.021642734 844 32
L 0 1847 1 0.021646471 845 32
L 0 1848 1 0.021650208 846 32
L 0 1849 1 0.021653945 847 32
L 0 1850 1 0.021657672 848 32
L 0 1851 1 0.021661599 849 32
L 0 1852 1 0.021665326 850 32
L 0 1853 1 0.021669955 851 32
L 0 1854 1 0.021673973 852 32
L 0 1855 1 0.021677970 853 32
L 0 1856 1 0.021681957 854 32
L 0 1857 1 0.021685925 855 32
L 0 1858 1 0.021689902 856 32
L 0 1859 1 0.021693880 857 32
L 0 1860 1 0.021697857 858 32
L 0 1861 1 0.021701845 859 32
L 0 1862 1 0.021705822 860 32
L 0 1863 1 0.021709800 861 32
L 0 1864 1 0.021713697 862 32
L 0 1865 1 0.021717484 863 32
L 0 1866 1 0.021721221 864 32
L 0 1867 1 0.021724958 865 32
L 0 1868 1 0.021728705 866 32
L 0 1869 1 0.021732432 867 32
L 0 1870 1 0.021736169 868 32
L 0 1871 1 0.021739886 869 32
L 0 1872 1 0.021743653 870 32
L 0 1873 1 0.021747420 871 32
L 0 1874 1 0.021751157 872 32
L 0 1875 1 0.021754914 873 32
L 0 1876 1 0.021758641 874 32
L 0 1877 1 0.021762378 875 32
L 0 1878 1 0.021766105 876 32
L 0 1879 1 0.021769872 877 32
L 0 1880 1 0.021773609 878 32
L 0 1881 1 0.021777356 879 32
L 0 1882 1 0.021781103 880 32
L 0 1883 1 0.021784840 881 32
L 0 1884 1 0.021788667 882 32
L 0 1885 1 0.021792374 883 32
L 0 1886 1 0.021796121 884 32
L 0 1887 1 0.021799878 885 32
L 0 1888 1 0.021803625 886 32
L 0 1889 1 0.021807362 887 32
L 0 1890 1 0.021811109 888 32
L 0 1891 1 0.021814856 889 32
L 0 1892 1 0.021818593 890 32
L 0 1893 1 0.021822320 891 32
L 0 1894 1 0.021826067 892 32
L 0 1895 1 0.021829814 893 32
L 0 1896 1 0.021833561 894 32
L 0 1897 1 0.021837308 895 32
L 0 1898 1 0.021884697 896 32
L 0 1899 1 0.021889406 897 32
L 0 1900 1 0.021893173 898 32
L 0 1901 1 0.021896910 899 32
L 0 1902 1 0.021900647 900 32
L 0 1903 1 0.021904574 901 32
L 0 1904 1 0.021908321 902 32
L 0 1905 1 0.021912078 903 32
L 0 1906 1 0.021915815 904 32
L 0 1907 1 0.021919532 905 32
L 0 1908 1 0.021923249 906 32
L 0 1909 1 0.021926976 907 32
L 0 1910 1 0.021930703 908 32
L 0 1911 1 0.021934440 909 32
L 0 1912 1 0.021938177 910 32
L 0 1913 1 0.021941884 911 32
L 0 1914 1 0.021945601 912 32
L 0 1915 1 0.021949328 913 32
L 0 1916 1 0.021953025 914 32
L 0 1917 1 0.021956752 915 32
L 0 1918 1 0.021960469 916 32
L 0 1919 1 0.021964196 917 32
L 0 1920 1 0.021967923 918 32
L 0 1921 1 0.021971649 919 32
L 0 1922 1 0.021975356 920 32
L 0 1923 1 0.021979093 921 32
L 0 1924 1 0.021982810 922 32
L 0 1925 1 0.021986557 923 32
L 0 1926 1 0.021990274 924 32
L 0 1927 1 0.021994011 925 32
L 0 1928 1 0.021997738 926 32
L 0 1929 1 0.022001475 927 32
L 0 1930 1 0.022005192 928 32
L 0 1931 1 0.022008929 929 32
L 0 1932 1 0.022012646 930 32
L 0 1933 1 0.022016363 931 32
L 0 1934 1 0.022020090 932 32
L 0 1935 1 0.022023827 933 32
L 0 1936 1 0.022027554 934 32
L 0 1937 1 0.022031281 935 32
L 0 1938 1 0.022034998 936 32
L 0 1939 1 0.022038845 937 32
L 0 1940 1 0.022042702 938 32
L 0 1941 1 0.022046489 939 32
L 0 1942 1 0.022050247 940 32
L 0 1943 1 0.022053974 941 32
L 0 1944 1 0.022057710 942 32
L 0 1945 1 0.022061458 943 32
L 0 1946 1 0.022065184 944 32
L 0 1947 1 0.022068901 945 32
L 0 1948 1 0.022072628 946 32
L 0 1949 1 0.022076335 947 32
L 0 1950 1 0.022080062 948 32
L 0 1951 1 0.022083769 949 32
L 0 1952 1 0.022094008 950 32
L 0 1953 1 0.022098226 951 32
L 0 1954 1 0.022101983 952 32
L 0 1955 1 0.022105730 953 32
L 0 1956 1 0.022109467 954 32
L 0 1957 1 0.022119897 955 32
L 0 1958 1 0.022123734 956 32
L 0 1959 1 0.022127461 957 32
L 0 1960 1 0.022131198 958 32
L 0 1961 1 0.022134925 959 32
L 0 1962 1 0.022138652 960 32
L 0 1963 1 0.022142399 961 32
L 0 1964 1 0.022146246 962 32
L 0 1965 1 0.022149973 963 32
L 0 1966 1 0.022153700 964 32
L 0 1967 1 0.022157447 965 32
L 0 1968 1 0.022161194 966 32
L 0 1969 1 0.022164931 967 32
L 0 1970 1 0.022168668 968 32
L 0 1971 1 0.022172395 969 32
L 0 1972 1 0.022176132 970 32
L 0 1973 1 0.022179849 971 32
L 0 1974 1 0.022183576 972 32
L 0 1975 1 0.022187303 973 32
L 0 1976 1 0.022191050 974 32
L 0 1977 1 0.022194787 975 32
L 0 1978 1 0.022198544 976 32
L 0 1979 1 0.022202271 977 32
L 0 1980 1 0.022206018 978 32
L 0 1981 1 0.022209745 979 32
L 0 1982 1 0.022213482 980 32
L 0 1983 1 0.022217209 981 32
L 0 1984 1 0.022220956 982 32
L 0 1985 1 0.022224693 983 32
L 0 1986 1 0.022228430 984 32
L 0 1987 1 0.022232257 985 32
L 0 1988 1 0.022235964 986 32
L 0 1989 1 0.022239691 987 32
L 0 1990 1 0.022243428 988 32
L 0 1991 1 0.022247155 989 32
L 0 1992 1 0.022250892 990 32
L 0 1993 1 0.022254629 991 32
L 0 1994 1 0.022258396 992 32
L 0 1995 1 0.022262133 993 32
L 0 1996 1 0.022265870 994 32
L 0 1997 1 0.022269607 995 32
L 0 1998 1 0.022273354 996 32
L 0 1999 1 0.022277091 997 32
L 0 2000 1 0.022280848 998 32
L 0 2001 1 0.022284565 999 32
L 0 2002 2 0.022935333 0 32
L 0 2003 2 0.022947425 1 32
L 0 2004 2 0.022951433 2 32
L 0 2005 2 0.022955270 3 32
L 0 2006 2 0.022959177 4 32
L 0 2007 2 0.022962984 5 32
L 0 2008 2 0.022966781 6 32
L 0 2009 2 0.022970578 7 32
L 0 2010 2 0.022974366 8 32
L 0 2011 2 0.022978213 9 32
L 0 2012 2 0.022982010 10 32
L 0 2013 2 0.022985817 11 32
L 0 2014 2 0.022989604 12 32
L 0 2015 2 0.022993391 13 32
L 0 2016 2 0.022997198 14 32
L 0 2017 2 0.023000975 15 32
L 0 2018 2 0.023004762 16 32
L 0 2019 2 0.023008519 17 32
L 0 2020 2 0.023012266 18 32
L 0 2021 2 0.023016054 19 32
L 0 2022 2 0.023019821 20 32
L 0 2023 2 0.023023588 21 32
L 0 2024 2 0.023027355 22 32
L 0 2025 2 0.023031162 23 32
L 0 2026 2 0.023034949 24 32
L 0 2027 2 0.023038736 25 32
L 0 2028 2 0.023042513 26 32
L 0 2029 2 0.023046300 27 32
L 0 2030 2 0.023050097 28 32
L 0 2031 2 0.023053864 29 32
L 0 2032 2 0.023057631 30 32
L 0 2033 2 0.023061418 31 32
L 0 2034 2 0.023065205 32 32
L 0 2035 2 0.023068983 33 32
L 0 2036 2 0.023072740 34 32
L 0 2037 2 0.023076537 35 32
L 0 2038 2 0.023080304 36 32
L 0 2039 2 0.023084071 37 32
L 0 2040 2 0.023087828 38 32
L 0 2041 2 0.023091605 39 32
L 0 2042 2 0.023095362 40 32
L 0 2043 2 0.023099159 41 32
L 0 2044 2 0.023102936 42 32
L 0 2045 2 0.023106703 43 32
L 0 2046 2 0.023110470 44 32
L 0 2047 2 0.023114237 45 32
L 0 2048 2 0.023118024 46 32
L 0 2049 2 0.023121811 47 32
L 0 2050 2 0.023125588 48 32
L 0 2051 2 0.023129345 49 32
L 0 2052 2 0.023133113 50 32
L 0 2053 2 0.023136850 51 32
L 0 2054 2 0.023140627 52 32
L 0 2055 2 0.023144414 53 32
L 0 2056 2 0.023148201 54 32
L 0 2057 2 0.023151968 55 32
L 0 2058 2 0.023155755 56 32
L 0 2059 2 0.023159542 57 32
L 0 2060 2 0.023163309 58 32
L 0 2061 2 0.023167066 59 32
L 0 2062 2 0.023170823 60 32
L 0 2063 2 0.023174580 61 32
L 0 2064 2 0.023178337 62 32
L 0 2065 2 0.023182124 63 32
L 0 2066 2 0.023185911 64 32
L 0 2067 2 0.023189698 65 32
L 0 2068 2 0.023193475 66 32
L 0 2069 2 0.023197233 67 32
L 0 2070 2 0.023201030 68 32
L 0 2071 2 0.023204797 69 32
L 0 2072 2 0.023208554 70 32
L 0 2073 2 0.023212311 71 32
L 0 2074 2 0.023216088 72 32
L 0 2075 2 0.023219825 73 32
L 0 2076 2 0.023223622 74 32
L 0 2077 2 0.023227389 75 32
L 0 2078 2 0.023231156 76 32
L 0 2079 2 0.023234923 77 32
L 0 2080 2 0.023238670 78 32
L 0 2081 2 0.023242427 79 32
L 0 2082 2 0.023246214 80 32
L 0 2083 2 0.023249981 81 32
L 0 2084 2 0.023253758 82 32
L 0 2085 2 0.023257535 83 32
L 0 2086 2 0.023261312 84 32
L 0 2087 2 0.023265089 85 32
L 0 2088 2 0.023268867 86 32
L 0 2089 2 0.023272634 87 32
L 0 2090 2 0.023276421 88 32
L 0 2091 2 0.023280188 89 32
L 0 2092 2 0.023283965 90 32
L 0 2093 2 0.023287752 91 32
L 0 2094 2 0.023291539 92 32
L 0 2095 2 0.023295306 93 32
L 0 2096 2 0.023299083 94 32
L 0 2097 2 0.023317848 95 32
L 0 2098 2 0.023322557 96 32
L 0 2099 2 0.023326324 97 32
L 0 2100 2 0.023330131 98 32
L 0 2101 2 0.023333948 99 32
L 0 2102 2 0.023337735 100 32
L 0 2103 2 0.023341522 101 32
L 0 2104 2 0.023345290 102 32
L 0 2105 2 0.023349097 103 32
L 0 2106 2 0.023352874 104 32
L 0 2107 2 0.023356661 105 32
L 0 2108 2 0.023360448 106 32
L 0 2109 2 0.023364245 107 32
L 0 2110 2 0.023368042 108 32
L 0 2111 2 0.023371839 109 32
L 0 2112 2 0.023375797 110 32
L 0 2113 2 0.023379594 111 32
L 0 2114 2 0.023383371 112 32
L 0 2115 2 0.023387178 113 32
L 0 2116 2 0.023390995 114 32
L 0 2117 2 0.023394792 115 32
L 0 2118 2 0.023398559 116 32
L 0 2119 2 0.023402346 117 32
L 0 2120 2 0.023406123 118 32
L 0 2121 2 0.023409900 119 32
L 0 2122 2 0.023413687 120 32
L 0 2123 2 0.023417465 121 32
L 0 2124 2 0.023421272 122 32
L 0 2125 2 0.023425079 123 32
L 0 2126 2 0.023428886 124 32
L 0 2127 2 0.023432663 125 32
L 0 2128 2 0.023436450 126 32
L 0 2129 2 0.023440237 127 32
L 0 2130 2 0.023444034 128 32
L 0 2131 2 0.023447851 129 32
L 0 2132 2 0.023451638 130 32
L 0 2133 2 0.023455436 131 32
L 0 2134 2 0.023459213 132 32
L 0 2135 2 0.023463020 133 32
L 0 2136 2 0.023466837 134 32
L 0 2137 2 0.023470634 135 32
L 0 2138 2 0.023474421 136 32
L 0 2139 2 0.023478218 137 32
L 0 2140 2 0.023481985 138 32
L 0 2141 2 0.023485802 139 32
L 0 2142 2 0.023489600 140 32
L 0 2143 2 0.023493407 141 32
L 0 2144 2 0.023497214 142 32
L 0 2145 2 0.023501001 143 32
L 0 2146 2 0.023504788 144 32
L 0 2147 2 0.023508585 145 32
L 0 2148 2 0.023512362 146 32
L 0 2149 2 0.023516159 147 32
L 0 2150 2 0.023519946 148 32
L 0 2151 2 0.023523693 149 32
L 0 2152 2 0.023527500 150 32
L 0 2153 2 0.023531318 151 32
L 0 2154 2 0.023535105 152 32
L 0 2155 2 0.023538912 153 32
L 0 2156 2 0.023542659 154 32
L 0 2157 2 0.023546466 155 32
L 0 2158 2 0.023550263 156 32
L 0 2159 2 0.023554060 157 32
L 0 2160 2 0.023557857 158 32
L 0 2161 2 0.023561825 159 32
L 0 2162 2 0.023565952 160 32
L 0 2163 2 0.023569800 161 32
L 0 2164 2 0.023573607 162 32
L 0 2165 2 0.023577404 163 32
L 0 2166 2 0.023581171 164 32
L 0 2167 2 0.023584958 165 32
L 0 2168 2 0.023588755 166 32
L 0 2169 2 0.023592552 167 32
L 0 2170 2 0.023596329 168 32
L 0 2171 2 0.023600136 169 32
L 0 2172 2 0.023603913 170 32
L 0 2173 2 0.023611908 171 32
L 0 2174 2 0.023615796 172 32
L 0 2175 2 0.023619593 173 32
L 0 2176 2 0.023623480 174 32
L 0 2177 2 0.023627237 175 32
L 0 2178 2 0.023631084 176 32
L 0 2179 2 0.023634891 177 32
L 0 2180 2 0.023638709 178 32
L 0 2181 2 0.023642506 179 32
L 0 2182 2 0.023646303 180 32
L 0 2183 2 0.023650090 181 32
L 0 2184 2 0.023653867 182 32
L 0 2185 2 0.023657664 183 32
L 0 2186 2 0.023661461 184 32
L 0 2187 2 0.023665258 185 32
L 0 2188 2 0.023669085 186 32
L 0 2189 2 0.023672892 187 32
L 0 2190 2 0.023676720 188 32
L 0 2191 2 0.023680507 189 32
L 0 2192 2 0.023684324 190 32
L 0 2193 2 0.023688101 191 32
L 0 2194 2 0.023691918 192 32
L 0 2195 2 0.023695735 193 32
L 0 2196 2 0.023699532 194 32
L 0 2197 2 0.023703319 195 32
L 0 2198 2 0.023707086 196 32
L 0 2199 2 0.023710904 197 32
L 0 2200 2 0.023714721 198 32
L 0 2201 2 0.023718508 199 32
L 0 2202 2 0.023722305 200 32
L 0 2203 2 0.023726082 201 32
L 0 2204 2 0.023729869 202 32
L 0 2205 2 0.023733706 203 32
L 0 2206 2 0.023737503 204 32
L 0 2207 2 0.023741310 205 32
L 0 2208 2 0.023745128 206 32
L 0 2209 2 0.023748905 207 32
L 0 2210 2 0.023752712 208 32
L 0 2211 2 0.023756519 209 32
L 0 2212 2 0.023760316 210 32
L 0 2213 2 0.023764123 211 32
L 0 2214 2 0.023768151 212 32
L 0 2215 2 0.023771938 213 32
L 0 2216 2 0.023775765 214 32
L 0 2217 2 0.023779572 215 32
L 0 2218 2 0.023783349 216 32
L 0 2219 2 0.023787166 217 32
L 0 2220 2 0.023790973 218 32
L 0 2221 2 0.023794770 219 32
L 0 2222 2 0.023798568 220 32
L 0 2223 2 0.023802355 221 32
L 0 2224 2 0.023806162 222 32
L 0 2225 2 0.023809929 223 32
L 0 2226 2 0.023813746 224 32
L 0 2227 2 0.023817563 225 32
L 0 2228 2 0.023821350 226 32
L 0 2229 2 0.023825167 227 32
L 0 2230 2 0.023828964 228 32
L 0 2231 2 0.023832742 229 32
L 0 2232 2 0.023836579 230 32
L 0 2233 2 0.023840386 231 32
L 0 2234 2 0.023850405 232 32
L 0 2235 2 0.023854242 233 32
L 0 2236 2 0.023858149 234 32
L 0 2237 2 0.023862006 235 32
L 0 2238 2 0.023865833 236 32
L 0 2239 2 0.023869631 237 32
L 0 2240 2 0.023873458 238 32
L 0 2241 2 0.023877255 239 32
L 0 2242 2 0.023881062 240 32
L 0 2243 2 0.023884869 241 32
L 0 2244 2 0.023888686 242 32
L 0 2245 2 0.023892493 243 32
L 0 2246 2 0.023896300 244 32
L 0 2247 2 0.023900098 245 32
L 0 2248 2 0.023903915 246 32
L 0 2249 2 0.023907712 247 32
L 0 2250 2 0.023911519 248 32
L 0 2251 2 0.023915326 249 32
L 0 2252 2 0.023919123 250 32
L 0 2253 2 0.023922950 251 32
L 0 2254 2 0.023926777 252 32
L 0 2255 2 0.023930585 253 32
L 0 2256 2 0.023934392 254 32
L 0 2257 2 0.023938189 255 32
L 0 2258 2 0.023941976 256 32
L 0 2259 2 0.023945793 257 32
L 0 2260 2 0.023949620 258 32
L 0 2261 2 0.023953437 259 32
L 0 2262 2 0.023957244 260 32
L 0 2263 2 0.023961032 261 32
L 0 2264 2 0.023964839 262 32
L 0 2265 2 0.023968626 263 32
L 0 2266 2 0.023972413 264 32
L 0 2267 2 0.023976200 265 32
L 0 2268 2 0.023979977 266 32
L 0 2269 2 0.023983784 267 32
L 0 2270 2 0.023987611 268 32
L 0 2271 2 0.023991408 269 32
L 0 2272 2 0.023995226 270 32
L 0 2273 2 0.023999043 271 32
L 0 2274 2 0.024002840 272 32
L 0 2275 2 0.024006647 273 32
L 0 2276 2 0.024010464 274 32
L 0 2277 2 0.024014271 275 32
L 0 2278 2 0.024018088 276 32
L 0 2279 2 0.024021885 277 32
L 0 2280 2 0.024025703 278 32
L 0 2281 2 0.024029510 279 32
L 0 2282 2 0.024033327 280 32
L 0 2283 2 0.024037124 281 32
L 0 2284 2 0.024040941 282 32
L 0 2285 2 0.024044758 283 32
L 0 2286 2 0.024048565 284 32
L 0 2287 2 0.024052372 285 32
L 0 2288 2 0.024056150 286 32
L 0 2289 2 0.024060067 287 32
L 0 2290 2 0.024063874 288 32
L 0 2291 2 0.024067661 289 32
L 0 2292 2 0.024071458 290 32
L 0 2293 2 0.024075245 291 32
L 0 2294 2 0.024079012 292 32
L 0 2295 2 0.024082799 293 32
L 0 2296 2 0.024086607 294 32
L 0 2297 2 0.024090404 295 32
L 0 2298 2 0.024094211 296 32
L 0 2299 2 0.024097998 297 32
L 0 2300 2 0.024101875 298 32
L 0 2301 2 0.024105652 299 32
L 0 2302 2 0.024109469 300 32
L 0 2303 2 0.024113286 301 32
L 0 2304 2 0.024117094 302 32
L 0 2305 2 0.024120911 303 32
L 0 2306 2 0.024124718 304 32
L 0 2307 2 0.024128525 305 32
L 0 2308 2 0.024132332 306 32
L 0 2309 2 0.024136139 307 32
L 0 2310 2 0.024139946 308 32
L 0 2311 2 0.024143743 309 32
L 0 2312 2 0.024147561 310 32
L 0 2313 2 0.024151348 311 32
L 0 2314 2 0.024155155 312 32
L 0 2315 2 0.024158952 313 32
L 0 2316 2 0.024162769 314 32
L 0 2317 2 0.024166586 315 32
L 0 2318 2 0.024170373 316 32
L 0 2319 2 0.024174180 317 32
L 0 2320 2 0.024177977 318 32
L 0 2321 2 0.024181785 319 32
L 0 2322 2 0.024185572 320 32
L 0 2323 2 0.024189389 321 32
L 0 2324 2 0.024193987 322 32
L 0 2325 2 0.024198636 323 32
L 0 2326 2 0.024203285 324 32
L 0 2327 2 0.024207984 325 32
L 0 2328 2 0.024212763 326 32
L 0 2329 2 0.024217612 327 32
L 0 2330 2 0.024222501 328 32
L 0 2331 2 0.024226258 329 32
L 0 2332 2 0.024229965 330 32
L 0 2333 2 0.024233702 331 32
L 0 2334 2 0.024237419 332 32
L 0 2335 2 0.024241136 333 32
L 0 2336 2 0.024244853 334 32
L 0 2337 2 0.024248580 335 32
L 0 2338 2 0.024252297 336 32
L 0 2339 2 0.024256013 337 32
L 0 2340 2 0.024259720 338 32
L 0 2341 2 0.024263457 339 32
L 0 2342 2 0.024267194 340 32
L 0 2343 2 0.024270911 341 32
L 0 2344 2 0.024274648 342 32
L 0 2345 2 0.024278385 343 32
L 0 2346 2 0.024282102 344 32
L 0 2347 2 0.024285819 345 32
L 0 2348 2 0.024289556 346 32
L 0 2349 2 0.024293283 347 32
L 0 2350 2 0.024297010 348 32
L 0 2351 2 0.024300727 349 32
L 0 2352 2 0.024304454 350 32
L 0 2353 2 0.024308171 351 32
L 0 2354 2 0.024311898 352 32
L 0 2355 2 0.024315615 353 32
L 0 2356 2 0.024319502 354 32
L 0 2357 2 0.024323219 355 32
L 0 2358 2 0.024326956 356 32
L 0 2359 2 0.024330683 357 32
L 0 2360 2 0.024334400 358 32
L 0 2361 2 0.024338117 359 32
L 0 2362 2 0.024341824 360 32
L 0 2363 2 0.024345541 361 32
L 0 2364 2 0.024349258 362 32
L 0 2365 2 0.024352985 363 32
L 0 2366 2 0.024356712 364 32
L 0 2367 2 0.024360419 365 32
L 0 2368 2 0.024364146 366 32
L 0 2369 2 0.024367863 367 32
L 0 2370 2 0.024371580 368 32
L 0 2371 2 0.024381097 369 32
L 0 2372 2 0.024384865 370 32
L 0 2373 2 0.024388571 371 32
L 0 2374 2 0.024392278 372 32
L 0 2375 2 0.024396005 373 32
L 0 2376 2 0.024399722 374 32
L 0 2377 2 0.024403409 375 32
L 0 2378 2 0.024407146 376 32
L 0 2379 2 0.024410873 377 32
L 0 2380 2 0.024414600 378 32
L 0 2381 2 0.024418317 379 32
L 0 2382 2 0.024422034 380 32
L 0 2383 2 0.024425741 381 32
L 0 2384 2 0.024429448 382 32
L 0 2385 2 0.024433155 383 32
L 0 2386 2 0.024436852 384 32
L 0 2387 2 0.024440569 385 32
L 0 2388 2 0.024444266 386 32
L 0 2389 2 0.024451950 387 32
L 0 2390 2 0.024455717 388 32
L 0 2391 2 0.024459414 389 32
L 0 2392 2 0.024463131 390 32
L 0 2393 2 0.024467018 391 32
L 0 2394 2 0.024470695 392 32
L 0 2395 2 0.024474442 393 32
L 0 2396 2 0.024478169 394 32
L 0 2397 2 0.024481896 395 32
L 0 2398 2 0.024485623 396 32
L 0 2399 2 0.024489330 397 32
L 0 2400 2 0.024493067 398 32
L 0 2401 2 0.024496804 399 32
L 0 2402 2 0.024500511 400 32
L 0 2403 2 0.024504228 401 32
L 0 2404 2 0.024507945 402 32
L 0 2405 2 0.024511662 403 32
L 0 2406 2 0.024515359 404 32
L 0 2407 2 0.024519056 405 32
L 0 2408 2 0.024522783 406 32
L 0 2409 2 0.024526490 407 32
L 0 2410 2 0.024530206 408 32
L 0 2411 2 0.024533913 409 32
L 0 2412 2 0.024537630 410 32
L 0 2413 2 0.024541357 411 32
L 0 2414 2 0.024545064 412 32
L 0 2415 2 0.024548801 413 32
L 0 2416 2 0.024552528 414 32
L 0 2417 2 0.024556245 415 32
L 0 2418 2 0.024559972 416 32
L 0 2419 2 0.024563689 417 32
L 0 2420 2 0.024567416 418 32
L 0 2421 2 0.024571123 419 32
L 0 2422 2 0.024574850 420 32
L 0 2423 2 0.024578567 421 32
L 0 2424 2 0.024582284 422 32
L 0 2425 2 0.024585981 423 32
L 0 2426 2 0.024589698 424 32
L 0 2427 2 0.024593435 425 32
L 0 2428 2 0.024597142 426 32
L 0 2429 2 0.024600889 427 32
L 0 2430 2 0.024604616 428 32
L 0 2431 2 0.024608323 429 32
L 0 2432 2 0.024612040 430 32
L 0 2433 2 0.024615757 431 32
L 0 2434 2 0.024619604 432 32
L 0 2435 2 0.024623291 433 32
L 0 2436 2 0.024627028 434 32
L 0 2437 2 0.024630755 435 32
L 0 2438 2 0.024634482 436 32
L 0 2439 2 0.024638189 437 32
L 0 2440 2 0.024641895 438 32
L 0 2441 2 0.024645612 439 32
L 0 2442 2 0.024649299 440 32
L 0 2443 2 0.024653016 441 32
L 0 2444 2 0.024656713 442 32
L 0 2445 2 0.024660420 443 32
L 0 2446 2 0.024664117 444 32
L 0 2447 2 0.024667834 445 32
L 0 2448 2 0.024671531 446 32
L 0 2449 2 0.024675278 447 32
L 0 2450 2 0.024678995 448 32
L 0 2451 2 0.024682722 449 32
L 0 2452 2 0.024686429 450 32
L 0 2453 2 0.024690156 451 32
L 0 2454 2 0.024693873 452 32
L 0 2455 2 0.024697580 453 32
L 0 2456 2 0.024701317 454 32
L 0 2457 2 0.024705044 455 32
L 0 2458 2 0.024708761 456 32
L 0 2459 2 0.024712477 457 32
L 0 2460 2 0.024716194 458 32
L 0 2461 2 0.024719911 459 32
L 0 2462 2 0.024723618 460 32
L 0 2463 2 0.024727355 461 32
L 0 2464 2 0.024731072 462 32
L 0 2465 2 0.024734779 463 32
L 0 2466 2 0.024738476 464 32
L 0 2467 2 0.024742183 465 32
L 0 2468 2 0.024746010 466 32
L 0 2469 2 0.024749707 467 32
L 0 2470 2 0.024753855 468 32
L 0 2471 2 0.024757842 469 32
L 0 2472 2 0.024761800 470 32
L 0 2473 2 0.024765737 471 32
L 0 2474 2 0.024769695 472 32
L 0 2475 2 0.024773662 473 32
L 0 2476 2 0.024777609 474 32
L 0 2477 2 0.024781577 475 32
L 0 2478 2 0.024785524 476 32
L 0 2479 2 0.024789482 477 32
L 0 2480 2 0.024793439 478 32
L 0 2481 2 0.024797306 479 32
L 0 2482 2 0.024801073 480 32
L 0 2483 2 0.024804820 481 32
L 0 2484 2 0.024808547 482 32
L 0 2485 2 0.024812264 483 32
L 0 2486 2 0.024815981 484 32
L 0 2487 2 0.024819688 485 32
L 0 2488 2 0.024823395 486 32
L 0 2489 2 0.024827132 487 32
L 0 2490 2 0.024830859 488 32
L 0 2491 2 0.024834586 489 32
L 0 2492 2 0.024838283 490 32
L 0 2493 2 0.024841990 491 32
L 0 2494 2 0.024845687 492 32
L 0 2495 2 0.024849394 493 32
L 0 2496 2 0.024853121 494 32
L 0 2497 2 0.024856838 495 32
L 0 2498 2 0.024860555 496 32
L 0 2499 2 0.024864251 497 32
L 0 2500 2 0.024867968 498 32
L 0 2501 2 0.024871685 499 32
L 0 2502 2 0.024875382 500 32
L 0 2503 2 0.024879109 501 32
L 0 2504 2 0.024882836 502 32
L 0 2505 2 0.024886563 503 32
L 0 2506 2 0.024890270 504 32
L 0 2507 2 0.024899838 505 32
L 0 2508 2 0.024903595 506 32
L 0 2509 2 0.024907322 507 32
L 0 2510 2 0.024911039 508 32
L 0 2511 2 0.024914746 509 32
L 0 2512 2 0.024918453 510 32
L 0 2513 2 0.024922170 511 32
L 0 2514 2 0.024925897 512 32
L 0 2515 2 0.024929604 513 32
L 0 2516 2 0.024933311 514 32
L 0 2517 2 0.024937038 515 32
L 0 2518 2 0.024940745 516 32
L 0 2519 2 0.024944472 517 32
L 0 2520 2 0.024948209 518 32
L 0 2521 2 0.024951925 519 32
L 0 2522 2 0.024955642 520 32
L 0 2523 2 0.024959359 521 32
L 0 2524 2 0.024963076 522 32
L 0 2525 2 0.024966793 523 32
L 0 2526 2 0.024970510 524 32
L 0 2527 2 0.024974217 525 32
L 0 2528 2 0.024977954 526 32
L 0 2529 2 0.024981671 527 32
L 0 2530 2 0.024985378 528 32
L 0 2531 2 0.024989095 529 32
L 0 2532 2 0.024992812 530 32
L 0 2533 2 0.024996539 531 32
L 0 2534 2 0.025000266 532 32
L 0 2535 2 0.025003973 533 32
L 0 2536 2 0.025007690 534 32
L 0 2537 2 0.025011407 535 32
L 0 2538 2 0.025015254 536 32
L 0 2539 2 0.025018961 537 32
L 0 2540 2 0.025022688 538 32
L 0 2541 2 0.025026395 539 32
L 0 2542 2 0.025030122 540 32
L 0 2543 2 0.025033839 541 32
L 0 2544 2 0.025037576 542 32
L 0 2545 2 0.025041323 543 32
L 0 2546 2 0.025045040 544 32
L 0 2547 2 0.025048757 545 32
L 0 2548 2 0.025052484 546 32
L 0 2549 2 0.025056211 547 32
L 0 2550 2 0.025059928 548 32
L 0 2551 2 0.025063635 549 32
L 0 2552 2 0.025067361 550 32
L 0 2553 2 0.025071098 551 32
L 0 2554 2 0.025074805 552 32
L 0 2555 2 0.025078532 553 32
L 0 2556 2 0.025082229 554 32
L 0 2557 2 0.025085946 555 32
L 0 2558 2 0.025089663 556 32
L 0 2559 2 0.025093360 557 32
L 0 2560 2 0.025097087 558 32
L 0 2561 2 0.025100814 559 32
L 0 2562 2 0.025104531 560 32
L 0 2563 2 0.025108258 561 32
L 0 2564 2 0.025111985 562 32
L 0 2565 2 0.025115702 563 32
L 0 2566 2 0.025119409 564 32
L 0 2567 2 0.025123246 565 32
L 0 2568 2 0.025126953 566 32
L 0 2569 2 0.025130690 567 32
L 0 2570 2 0.025134417 568 32
L 0 2571 2 0.025138154 569 32
L 0 2572 2 0.025141881 570 32
L 0 2573 2 0.025145608 571 32
L 0 2574 2 0.025149335 572 32
L 0 2575 2 0.025153052 573 32
L 0 2576 2 0.025156779 574 32
L 0 2577 2 0.025160496 575 32
L 0 2578 2 0.025164193 576 32
L 0 2579 2 0.025167910 577 32
L 0 2580 2 0.025171627 578 32
L 0 2581 2 0.025175364 579 32
L 0 2582 2 0.025179091 580 32
L 0 2583 2 0.025182817 581 32
L 0 2584 2 0.025186544 582 32
L 0 2585 2 0.025190261 583 32
L 0 2586 2 0.025193978 584 32
L 0 2587 2 0.025197695 585 32
L 0 2588 2 0.025201402 586 32
L 0 2589 2 0.025205129 587 32
L 0 2590 2 0.025208856 588 32
L 0 2591 2 0.025212553 589 32
L 0 2592 2 0.025216260 590 32
L 0 2593 2 0.025219957 591 32
L 0 2594 2 0.025223664 592 32
L 0 2595 2 0.025227361 593 32
L 0 2596 2 0.025231078 594 32
L 0 2597 2 0.025234785 595 32
L 0 2598 2 0.025238512 596 32
L 0 2599 2 0.025242219 597 32
L 0 2600 2 0.025245936 598 32
L 0 2601 2 0.025249643 599 32
L 0 2602 2 0.025253369 600 32
L 0 2603 2 0.025257076 601 32
L 0 2604 2 0.025264871 602 32
L 0 2605 2 0.025268838 603 32
L 0 2606 2 0.025272535 604 32
L 0 2607 2 0.025276483 605 32
L 0 2608 2 0.025280190 606 32
L 0 2609 2 0.025283897 607 32
L 0 2610 2 0.025287604 608 32
L 0 2611 2 0.025291310 609 32
L 0 2612 2 0.025295017 610 32
L 0 2613 2 0.025298724 611 32
L 0 2614 2 0.025302441 612 32
L 0 2615 2 0.025306138 613 32
L 0 2616 2 0.025309835 614 32
L 0 2617 2 0.025313542 615 32
L 0 2618 2 0.025317249 616 32
L 0 2619 2 0.025320946 617 32
L 0 2620 2 0.025324653 618 32
L 0 2621 2 0.025328360 619 32
L 0 2622 2 0.025332077 620 32
L 0 2623 2 0.025335794 621 32
L 0 2624 2 0.025339531 622 32
L 0 2625 2 0.025343238 623 32
L 0 2626 2 0.025346945 624 32
L 0 2627 2 0.025350662 625 32
L 0 2628 2 0.025354358 626 32
L 0 2629 2 0.025358146 627 32
L 0 2630 2 0.025361883 628 32
L 0 2631 2 0.025365599 629 32
L 0 2632 2 0.025369296 630 32
L 0 2633 2 0.025373003 631 32
L 0 2634 2 0.025376690 632 32
L 0 2635 2 0.025380377 633 32
L 0 2636 2 0.025384104 634 32
L 0 2637 2 0.025387831 635 32
L 0 2638 2 0.025391568 636 32
L 0 2639 2 0.025395245 637 32
L 0 2640 2 0.025398942 638 32
L 0 2641 2 0.025402659 639 32
L 0 2642 2 0.025406346 640 32
L 0 2643 2 0.025410073 641 32
L 0 2644 2 0.025420793 642 32
L 0 2645 2 0.025424590 643 32
L 0 2646 2 0.025428537 644 32
L 0 2647 2 0.025432234 645 32
L 0 2648 2 0.025435961 646 32
L 0 2649 2 0.025439688 647 32
L 0 2650 2 0.025443405 648 32
L 0 2651 2 0.025447102 649 32
L 0 2652 2 0.025450809 650 32
L 0 2653 2 0.025454516 651 32
L 0 2654 2 0.025458203 652 32
L 0 2655 2 0.025461900 653 32
L 0 2656 2 0.025465607 654 32
L 0 2657 2 0.025469293 655 32
L 0 2658 2 0.025473000 656 32
L 0 2659 2 0.025476697 657 32
L 0 2660 2 0.025480384 658 32
L 0 2661 2 0.025484101 659 32
L 0 2662 2 0.025487798 660 32
L 0 2663 2 0.025491485 661 32
L 0 2664 2 0.025495192 662 32
L 0 2665 2 0.025498919 663 32
L 0 2666 2 0.025502636 664 32
L 0 2667 2 0.025506363 665 32
L 0 2668 2 0.025510080 666 32
L 0 2669 2 0.025513787 667 32
L 0 2670 2 0.025517494 668 32
L 0 2671 2 0.025521181 669 32
L 0 2672 2 0.025524948 670 32
L 0 2673 2 0.025528665 671 32
L 0 2674 2 0.025532382 672 32
L 0 2675 2 0.025536108 673 32
L 0 2676 2 0.025539815 674 32
L 0 2677 2 0.025543552 675 32
L 0 2678 2 0.025547249 676 32
L 0 2679 2 0.025550966 677 32
L 0 2680 2 0.025554683 678 32
L 0 2681 2 0.025558400 679 32
L 0 2682 2 0.025562107 680 32
L 0 2683 2 0.025565824 681 32
L 0 2684 2 0.025569531 682 32
L 0 2685 2 0.025573238 683 32
L 0 2686 2 0.025576965 684 32
L 0 2687 2 0.025580682 685 32
L 0 2688 2 0.025584409 686 32
L 0 2689 2 0.025588116 687 32
L 0 2690 2 0.025591823 688 32
L 0 2691 2 0.025595540 689 32
L 0 2692 2 0.025599237 690 32
L 0 2693 2 0.025602954 691 32
L 0 2694 2 0.025606671 692 32
L 0 2695 2 0.025610387 693 32
L 0 2696 2 0.025614094 694 32
L 0 2697 2 0.025617801 695 32
L 0 2698 2 0.025621608 696 32
L 0 2699 2 0.025625305 697 32
L 0 2700 2 0.025629032 698 32
L 0 2701 2 0.025632759 699 32
L 0 2702 2 0.025636476 700 32
L 0 2703 2 0.025640183 701 32
L 0 2704 2 0.025643900 702 32
L 0 2705 2 0.025647627 703 32
L 0 2706 2 0.025651344 704 32
L 0 2707 2 0.025655071 705 32
L 0 2708 2 0.025658778 706 32
L 0 2709 2 0.025662485 707 32
L 0 2710 2 0.025666202 708 32
L 0 2711 2 0.025669909 709 32
L 0 2712 2 0.025673616 710 32
L 0 2713 2 0.025677333 711 32
L 0 2714 2 0.025681040 712 32
L 0 2715 2 0.025684767 713 32
L 0 2716 2 0.025688474 714 32
L 0 2717 2 0.025692191 715 32
L 0 2718 2 0.025695887 716 32
L 0 2719 2 0.025699584 717 32
L 0 2720 2 0.025703301 718 32
L 0 2721 2 0.025707018 719 32
L 0 2722 2 0.025710725 720 32
L 0 2723 2 0.025714432 721 32
L 0 2724 2 0.025718149 722 32
L 0 2725 2 0.025721846 723 32
L 0 2726 2 0.025725563 724 32
L 0 2727 2 0.025729280 725 32
L 0 2728 2 0.025732997 726 32
L 0 2729 2 0.025736694 727 32
L 0 2730 2 0.025740381 728 32
L 0 2731 2 0.025744108 729 32
L 0 2732 2 0.025747815 730 32
L 0 2733 2 0.025751552 731 32
L 0 2734 2 0.025755269 732 32
L 0 2735 2 0.025758985 733 32
L 0 2736 2 0.025762682 734 32
L 0 2737 2 0.025766409 735 32
L 0 2738 2 0.025770106 736 32
L 0 2739 2 0.025773823 737 32
L 0 2740 2 0.025777520 738 32
L 0 2741 2 0.025781217 739 32
L 0 2742 2 0.025784934 740 32
L 0 2743 2 0.025788661 741 32
L 0 2744 2 0.025792388 742 32
L 0 2745 2 0.025796095 743 32
L 0 2746 2 0.025799822 744 32
L 0 2747 2 0.025803519 745 32
L 0 2748 2 0.025807226 746 32
L 0 2749 2 0.025810953 747 32
L 0 2750 2 0.025814670 748 32
L 0 2751 2 0.025818377 749 32
L 0 2752 2 0.025822074 750 32
L 0 2753 2 0.025825811 751 32
L 0 2754 2 0.025829527 752 32
L 0 2755 2 0.025858953 753 32
L 0 2756 2 0.025866086 754 32
L 0 2757 2 0.025870103 755 32
L 0 2758 2 0.025874031 756 32
L 0 2759 2 0.025877718 757 32
L 0 2760 2 0.025881775 758 32
L 0 2761 2 0.025885492 759 32
L 0 2762 2 0.025889219 760 32
L 0 2763 2 0.025892956 761 32
L 0 2764 2 0.025896653 762 32
L 0 2765 2 0.025900360 763 32
L 0 2766 2 0.025904067 764 32
L 0 2767 2 0.025907784 765 32
L 0 2768 2 0.025911511 766 32
L 0 2769 2 0.025915218 767 32
L 0 2770 2 0.025918935 768 32
L 0 2771 2 0.025922702 769 32
L 0 2772 2 0.025926439 770 32
L 0 2773 2 0.025930156 771 32
L 0 2774 2 0.025933873 772 32
L 0 2775 2 0.025937580 773 32
L 0 2776 2 0.025941287 774 32
L 0 2777 2 0.025944973 775 32
L 0 2778 2 0.025948700 776 32
L 0 2779 2 0.025952407 777 32
L 0 2780 2 0.025965001 778 32
L 0 2781 2 0.025969319 779 32
L 0 2782 2 0.025973296 780 32
L 0 2783 2 0.025977264 781 32
L 0 2784 2 0.025981211 782 32
L 0 2785 2 0.025985169 783 32
L 0 2786 2 0.025989126 784 32
L 0 2787 2 0.025993083 785 32
L 0 2788 2 0.025996941 786 32
L 0 2789 2 0.026000708 787 32
L 0 2790 2 0.026004445 788 32
L 0 2791 2 0.026008152 789 32
L 0 2792 2 0.026011849 790 32
L 0 2793 2 0.026015626 791 32
L 0 2794 2 0.026019313 792 32
L 0 2795 2 0.026023050 793 32
L 0 2796 2 0.026026777 794 32
L 0 2797 2 0.026030503 795 32
L 0 2798 2 0.026034210 796 32
L 0 2799 2 0.026037927 797 32
L 0 2800 2 0.026041644 798 32
L 0 2801 2 0.026045351 799 32
L 0 2802 2 0.026049058 800 32
L 0 2803 2 0.026052765 801 32
L 0 2804 2 0.026056452 802 32
L 0 2805 2 0.026060189 803 32
L 0 2806 2 0.026063896 804 32
L 0 2807 2 0.026067593 805 32
L 0 2808 2 0.026071300 806 32
L 0 2809 2 0.026075017 807 32
L 0 2810 2 0.026078704 808 32
L 0 2811 2 0.026082441 809 32
L 0 2812 2 0.026086158 810 32
L 0 2813 2 0.026089865 811 32
L 0 2814 2 0.026093561 812 32
L 0 2815 2 0.026097258 813 32
L 0 2816 2 0.026100985 814 32
L 0 2817 2 0.026104722 815 32
L 0 2818 2 0.026108419 816 32
L 0 2819 2 0.026112126 817 32
L 0 2820 2 0.026119951 818 32
L 0 2821 2 0.026123728 819 32
L 0 2822 2 0.026127455 820 32
L 0 2823 2 0.026131172 821 32
L 0 2824 2 0.026134879 822 32
L 0 2825 2 0.026138596 823 32
L 0 2826 2 0.026142283 824 32
L 0 2827 2 0.026145970 825 32
L 0 2828 2 0.026149696 826 32
L 0 2829 2 0.026153413 827 32
L 0 2830 2 0.026157120 828 32
L 0 2831 2 0.026160827 829 32
L 0 2832 2 0.026164524 830 32
L 0 2833 2 0.026168261 831 32
L 0 2834 2 0.026171968 832 32
L 0 2835 2 0.026175685 833 32
L 0 2836 2 0.026179382 834 32
L 0 2837 2 0.026183089 835 32
L 0 2838 2 0.026186776 836 32
L 0 2839 2 0.026190503 837 32
L 0 2840 2 0.026194210 838 32
L 0 2841 2 0.026197917 839 32
L 0 2842 2 0.026201624 840 32
L 0 2843 2 0.026205311 841 32
L 0 2844 2 0.026209048 842 32
L 0 2845 2 0.026212775 843 32
L 0 2846 2 0.026216481 844 32
L 0 2847 2 0.026220178 845 32
L 0 2848 2 0.026223905 846 32
L 0 2849 2 0.026227582 847 32
L 0 2850 2 0.026231299 848 32
L 0 2851 2 0.026235016 849 32
L 0 2852 2 0.026238713 850 32
L 0 2853 2 0.026242420 851 32
L 0 2854 2 0.026246117 852 32
L 0 2855 2 0.026249844 853 32
L 0 2856 2 0.026253551 854 32
L 0 2857 2 0.026257278 855 32
L 0 2858 2 0.026260975 856 32
L 0 2859 2 0.026264682 857 32
L 0 2860 2 0.026268359 858 32
L 0 2861 2 0.026272085 859 32
L 0 2862 2 0.026275792 860 32
L 0 2863 2 0.026279489 861 32
L 0 2864 2 0.026283186 862 32
L 0 2865 2 0.026286863 863 32
L 0 2866 2 0.026290590 864 32
L 0 2867 2 0.026294307 865 32
L 0 2868 2 0.026298004 866 32
L 0 2869 2 0.026301711 867 32
L 0 2870 2 0.026305418 868 32
L 0 2871 2 0.026309095 869 32
L 0 2872 2 0.026312832 870 32
L 0 2873 2 0.026316529 871 32
L 0 2874 2 0.026320246 872 32
L 0 2875 2 0.026323963 873 32
L 0 2876 2 0.026327649 874 32
L 0 2877 2 0.026331376 875 32
L 0 2878 2 0.026335063 876 32
L 0 2879 2 0.026338760 877 32
L 0 2880 2 0.026342467 878 32
L 0 2881 2 0.026346164 879 32
L 0 2882 2 0.026349851 880 32
L 0 2883 2 0.026353568 881 32
L 0 2884 2 0.026357275 882 32
L 0 2885 2 0.026360972 883 32
L 0 2886 2 0.026364669 884 32
L 0 2887 2 0.026368366 885 32
L 0 2888 2 0.026372093 886 32
L 0 2889 2 0.026375810 887 32
L 0 2890 2 0.026379506 888 32
L 0 2891 2 0.026383203 889 32
L 0 2892 2 0.026386890 890 32
L 0 2893 2 0.026390597 891 32
L 0 2894 2 0.026394294 892 32
L 0 2895 2 0.026397991 893 32
L 0 2896 2 0.026401678 894 32
L 0 2897 2 0.026405365 895 32
L 0 2898 2 0.026409052 896 32
L 0 2899 2 0.026412759 897 32
L 0 2900 2 0.026416446 898 32
L 0 2901 2 0.026420142 899 32
L 0 2902 2 0.026423839 900 32
L 0 2903 2 0.026427566 901 32
L 0 2904 2 0.026431243 902 32
L 0 2905 2 0.026434960 903 32
L 0 2906 2 0.026438677 904 32
L 0 2907 2 0.026442394 905 32
L 0 2908 2 0.026446101 906 32
L 0 2909 2 0.026449808 907 32
L 0 2910 2 0.026453495 908 32
L 0 2911 2 0.026457222 909 32
L 0 2912 2 0.026460939 910 32
L 0 2913 2 0.026464626 911 32
L 0 2914 2 0.026468323 912 32
L 0 2915 2 0.026472010 913 32
L 0 2916 2 0.026475747 914 32
L 0 2917 2 0.026485024 915 32
L 0 2918 2 0.026488771 916 32
L 0 2919 2 0.026492568 917 32
L 0 2920 2 0.026496275 918 32
L 0 2921 2 0.026500002 919 32
L 0 2922 2 0.026503719 920 32
L 0 2923 2 0.026507436 921 32
L 0 2924 2 0.026511143 922 32
L 0 2925 2 0.026514860 923 32
L 0 2926 2 0.026518587 924 32
L 0 2927 2 0.026522294 925 32
L 0 2928 2 0.026526011 926 32
L 0 2929 2 0.026529728 927 32
L 0 2930 2 0.026533434 928 32
L 0 2931 2 0.026537151 929 32
L 0 2932 2 0.026540868 930 32
L 0 2933 2 0.026544585 931 32
L 0 2934 2 0.026548302 932 32
L 0 2935 2 0.026552009 933 32
L 0 2936 2 0.026555726 934 32
L 0 2937 2 0.026559443 935 32
L 0 2938 2 0.026563150 936 32
L 0 2939 2 0.026566847 937 32
L 0 2940 2 0.026570584 938 32
L 0 2941 2 0.026574321 939 32
L 0 2942 2 0.026578038 940 32
L 0 2943 2 0.026581745 941 32
L 0 2944 2 0.026585442 942 32
L 0 2945 2 0.026589189 943 32
L 0 2946 2 0.026592896 944 32
L 0 2947 2 0.026596593 945 32
L 0 2948 2 0.026600320 946 32
L 0 2949 2 0.026604107 947 32
L 0 2950 2 0.026625968 948 32
L 0 2951 2 0.026631588 949 32
L 0 2952 2 0.026635335 950 32
L 0 2953 2 0.026639032 951 32
L 0 2954 2 0.026642719 952 32
L 0 2955 2 0.026646466 953 32
L 0 2956 2 0.026650153 954 32
L 0 2957 2 0.026653850 955 32
L 0 2958 2 0.026657547 956 32
L 0 2959 2 0.026661274 957 32
L 0 2960 2 0.026664971 958 32
L 0 2961 2 0.026668657 959 32
L 0 2962 2 0.026672344 960 32
L 0 2963 2 0.026676051 961 32
L 0 2964 2 0.026679738 962 32
L 0 2965 2 0.026685309 963 32
L 0 2966 2 0.026690308 964 32
L 0 2967 2 0.026695468 965 32
L 0 2968 2 0.026705026 966 32
L 0 2969 2 0.026714062 967 32
L 0 2970 2 0.026719312 968 32
L 0 2971 2 0.026724151 969 32
L 0 2972 2 0.026728940 970 32
L 0 2973 2 0.026734431 971 32
L 0 2974 2 0.026744109 972 32
L 0 2975 2 0.026752745 973 32
L 0 2976 2 0.026757203 974 32
L 0 2977 2 0.026760930 975 32
L 0 2978 2 0.026764607 976 32
L 0 2979 2 0.026768304 977 32
L 0 2980 2 0.026772011 978 32
L 0 2981 2 0.026775688 979 32
L 0 2982 2 0.026779385 980 32
L 0 2983 2 0.026783062 981 32
L 0 2984 2 0.026786748 982 32
L 0 2985 2 0.026790425 983 32
L 0 2986 2 0.026794112 984 32
L 0 2987 2 0.026797789 985 32
L 0 2988 2 0.026801496 986 32
L 0 2989 2 0.026805193 987 32
L 0 2990 2 0.026808880 988 32
L 0 2991 2 0.026812577 989 32
L 0 2992 2 0.026816284 990 32
L 0 2993 2 0.026819991 991 32
L 0 2994 2 0.026823688 992 32
L 0 2995 2 0.026827364 993 32
L 0 2996 2 0.026831041 994 32
L 0 2997 2 0.026834728 995 32
L 0 2998 2 0.026838415 996 32
L 0 2999 2 0.026842112 997 32
L 0 3000 2 0.026845809 998 32
L 0 3001 2 0.026849476 999 32
F 3002 43475.150366073 0.026972506
